1 0.20952 0.03796 0.03796 0.03796 0.03796 0.03796 0.03796 0.03796 0.03796 0.03796 0.36136 0.1898
2 0.05634 0.70462 0.70462 0.70462 0.70462 0.70462 0.70462 0.70462 0.70462 0.70462 2.87482 3.5231
3 2e-05 0.0001 0.00012 0.0002 0.00036 0.00016 0.00082 0.00038 0.00106 0.00038 0.0008 0.0028
4 0.0001 0.00014 0.00018 0.00014 0.00026 0.0015 0.00016 0.00124 0.0006 0.00158 0.00082 0.00508
5 0.00022 0.0001 0.00026 0.0001 0.0001 8e-05 0.00102 0.0006 0.00024 0.00116 0.00078 0.0031
6 0 0 0 2e-05 2e-05 0 0.00036 0.00274 0.00272 0.00026 4e-05 0.00608
7 0 2e-05 0.00032 0.0003 4e-05 0.00094 0.0002 0.00498 0.00452 0.00036 0.00068 0.011
8 6e-05 0 2e-05 0 2e-05 0.00112 6e-05 2e-05 0.00016 0.00012 0.0001 0.00148
9 2e-05 2e-05 0 2e-05 2e-05 0.0001 0.00014 0.00016 6e-05 0.0001 8e-05 0.00056
10 2e-05 6e-05 6e-05 6e-05 0.00024 4e-05 0.0008 0.00134 2e-05 0.002 0.00044 0.0042
11 0 6e-05 8e-05 8e-05 0.00024 0 0.00036 0.00058 0.00184 0.00232 0.00046 0.0051
12 8e-05 0 0.0002 2e-05 8e-05 0.00046 0.00028 0.0018 8e-05 0.00048 0.00038 0.0031
13 0.00032 0.00014 0.0002 2e-05 0.00016 0.00274 0.00104 0.00134 0.0011 0.00094 0.00084 0.00716
14 4e-05 6e-05 6e-05 0.0002 6e-05 0.0005 0.00068 0.00136 0.00078 0.00052 0.00042 0.00384
15 0.00014 0.00026 0.0002 6e-05 0.0002 0.00072 0.00186 0.00092 0.00046 0.00186 0.00086 0.00582
16 0 4e-05 2e-05 4e-05 2e-05 0 0.00042 0.00018 4e-05 0.00036 0.00012 0.001
17 0 2e-05 4e-05 2e-05 0 0.00024 0.00014 2e-05 0.00062 0.00024 8e-05 0.00126
18 0 2e-05 2e-05 8e-05 0 8e-05 0.00016 0.0001 0.0004 2e-05 0.00012 0.00076
19 0 4e-05 6e-05 4e-05 2e-05 2e-05 0.00026 0.00026 0.00024 0.00012 0.00016 0.0009
20 4e-05 0 2e-05 4e-05 2e-05 2e-05 0.0001 0.0001 2e-05 4e-05 0.00012 0.00028
21 0 0 2e-05 2e-05 0 0 2e-05 2e-05 2e-05 0.00016 4e-05 0.00022
22 2e-05 2e-05 4e-05 0 2e-05 2e-05 0.00014 4e-05 4e-05 0.00022 0.0001 0.00046
23 0 2e-05 2e-05 4e-05 2e-05 6e-05 0.0001 0 6e-05 0.00024 0.0001 0.00046
24 0 6e-05 2e-05 8e-05 0 0.00012 0.00036 6e-05 0.00078 0.00018 0.00016 0.0015
25 4e-05 0.0001 2e-05 2e-05 0 0.00014 0.00062 0.00044 0.00026 0.00022 0.00018 0.00168
26 0 0.00024 0.00058 0.00044 0.00056 0 0.00098 0.00748 0.00594 0.00022 0.00182 0.01462
27 0.00014 0.0002 0.02216 0.02356 0.00194 0.00168 0.0007 0.03272 0.02746 0.0008 0.048 0.06336
28 0.00802 0.0086 0.0061 0.00372 0.00248 0.00784 0.01412 0.00198 0.00052 0.0098 0.02892 0.03426
29 0.00166 0.0053 0.00332 0.00676 0.00534 0.00384 0.00446 0.0053 0.01434 0.00252 0.02238 0.03046
30 0.00412 2e-05 2e-05 6e-05 0.0001 0.01116 0.0003 0.0005 0.00072 0.00078 0.00432 0.01346
31 0 4e-05 6e-05 2e-05 6e-05 0 0.0004 0.00078 0.00076 6e-05 0.00018 0.002
32 6e-05 0.0222 0.03432 0.0318 0.01862 0.00064 0.00618 0.00834 0.00876 0.00036 0.107 0.02428
33 0.01712 0.04008 0.01794 0.03992 0.06016 0.00136 0.00472 0.0042 0.00922 0.00084 0.17522 0.02034
34 0.02208 0.04544 0.01486 0.00912 0.00892 0.00186 0.00438 0.00704 0.00494 0.00228 0.10042 0.0205
35 0.079 0.01148 0.02816 0.02038 0.00128 0.00888 0.0006 0.00166 0.00282 0.00148 0.1403 0.01544
36 0 0.00704 0.1703 0.17438 0.01264 0 0.00406 0.01054 0.00584 0.00132 0.36436 0.02176
37 0.05448 0.02386 0.01522 0.01018 0.02604 0.0009 0.00336 0.0026 0.00144 0.00166 0.12978 0.00996
38 0.008 0.0075 0.0136 0.02886 0.00054 0.0036 0.0014 0.00344 0.0062 0.00216 0.0585 0.0168
39 0.01718 0.00328 0.00328 0.00338 0.0075 0.0009 0.0016 0.0006 0.00046 0.00056 0.03462 0.00412
40 0.0006 0.00792 0.01888 0.00314 0.00478 0.00072 0.00078 0.00222 0.00248 0.00104 0.03532 0.00724
41 0 0.03236 0.01262 0.0176 0.01546 0 0.0019 0.00118 0.00114 0.00106 0.07804 0.00528
42 0.0427 0.02798 0.01706 0.02198 0.02886 0.00298 0.00086 0.00102 0.00172 0.00348 0.13858 0.01006
43 0.01902 0.00452 0.04778 0.03584 0.00058 2e-05 0.0015 0.00474 0.00466 0.00018 0.10774 0.0111
44 0.01472 0.02488 0.01718 0.0268 0.03638 0.0002 0.00206 0.00076 2e-05 0.00182 0.11996 0.00486
45 0.01206 0.02366 0.02862 0.02292 0.01842 0.00238 0.00038 0.0001 0.00138 0.00056 0.10568 0.0048
46 0 0.03152 0.00748 0.03578 0.02616 0 0.00224 0.00106 0.00032 0.00152 0.10094 0.00514
47 0.01784 0.05976 0.01078 0.02994 0.01794 0.00302 0.00378 0.00564 0.00216 0.00236 0.13626 0.01696
48 0.07512 0.0341 0.08624 0.0522 0.00216 0.00414 0.00726 0.00172 0.00358 0.00212 0.24982 0.01882
49 0.05438 0.0692 0.04212 0.05368 0.07164 0.00016 0.00728 0.0029 0.00178 0.00894 0.29102 0.02106
50 0.04454 0.01458 0.0354 0.06726 0.0058 0.00514 0.00076 0.01136 0.0121 0.00138 0.16758 0.03074
51 0 0.0446 0.01726 0.02626 0.0167 0 0.00248 0.0023 0.00222 0.00442 0.10482 0.01142
52 0.02476 0.07172 0.01022 0.03858 0.0288 0.00014 0.007 0.01576 0.01136 0.00208 0.17408 0.03634
53 0.08076 0.05898 0.0628 0.05888 0.08558 0.00722 0.00186 0.01138 0.00692 0.0078 0.347 0.03518
54 0.00966 0.02302 0.12026 0.12044 0.00056 0.00242 0.0041 0.02508 0.01918 0.00362 0.27394 0.0544
55 0.00476 0.0371 0.09506 0.10412 0.0036 0.00394 0.0051 0.003 0.00384 0.00304 0.24464 0.01892
56 0 0.01374 0.05874 0.02158 0.08428 0 0.00696 0.00904 0.0006 0.01862 0.17834 0.03522
57 0.03264 0.21432 0.11236 0.0869 0.15522 0.003 0.03234 0.01128 0.01194 0.0005 0.60144 0.05906
58 0.13112 0.03226 0.00644 0.2207 0.0162 0.029 0.00206 0.00436 0.03496 0.01232 0.40672 0.0827
59 0.12328 0.10136 0.04576 0.03386 0.03592 0.00342 0.00336 0.0159 0.00396 0.00974 0.34018 0.03638
60 0.05746 0.05804 0.1528 0.02646 0.0572 0.0183 0.00208 0.04104 0.00296 0.01462 0.35196 0.079
61 0 0.05174 0.03534 0.01536 0.00392 0 0.02528 0.01956 0.00778 0.0048 0.10636 0.05742
62 0.0655 0.10174 0.15498 0.03804 0.05386 0.01216 0.0029 0.03492 0.00566 0.0102 0.41412 0.06584
63 0.1557 0.00688 0.0245 0.01986 0.02196 0.01138 0.00304 0.01236 0.0075 0.00506 0.2289 0.03934
64 0.01164 0.02092 0.02896 0.02194 0.03608 0.00478 0.0041 0.01252 0.0096 0.0114 0.11954 0.0424
65 0.02146 0.14046 0.06724 0.06046 0.10966 0.00642 0.03628 0.02506 0.01272 0.01856 0.39928 0.09904
66 0 0.21592 0.13152 0.00416 0.04708 0 0.05684 0.01052 0.00534 0.0096 0.39868 0.0823
67 0.20638 0.08938 0.06406 0.15262 0.13586 0.01614 0.0118 0.01386 0.03994 0.03326 0.6483 0.115
68 0.05412 0.03954 0.04932 0.00292 0.04878 0.0182 0.00126 0.02456 0.02776 0.02744 0.19468 0.09922
69 0.03244 0.0688 0.05872 0.08678 0.11794 0.01374 0.01462 0.01176 0.0033 0.01762 0.36468 0.06104
70 0.06326 0.02754 0.00412 0.07646 0.06294 0.0031 0.0189 0.00442 0.0124 0.00274 0.23432 0.04156
71 0 0.00326 0.06774 0.0533 0.08608 0 2e-05 0.02518 0.02866 0.0294 0.21038 0.08326
72 0.01136 0.06268 0.0142 0.06176 0.07186 0.00808 0.01272 0.01182 0.02408 0.03316 0.22186 0.08986
73 0.04238 0.09944 0.00502 0.05664 0.0906 0.01814 0.02828 0.00224 0.01274 0.0381 0.29408 0.0995
74 0.02936 0.00276 0.03546 0.04786 0.00284 0.01956 0.0001 0.0109 0.0174 0.0048 0.11828 0.05276
75 0.03862 0.00898 0.0969 0.10614 0.02558 0.01168 0.00878 0.04568 0.01918 0.00056 0.27622 0.08588
76 0 0.05056 0.06 0.0054 0.29306 0 0.01114 0.0132 0.01074 0.07204 0.40902 0.10712
77 0.05986 0.02068 0.15652 0.06222 0.1325 0.02608 0.00342 0.02894 0.0257 0.0424 0.43178 0.12654
78 0.15986 0.03282 0.08584 0.11178 0.12866 0.03578 0.00612 0.0269 0.01592 0.03714 0.51896 0.12186
79 0.10984 0.06304 0.05024 0.07672 0.02712 0.03988 0.0009 0.02246 0.04122 0.00146 0.32696 0.10592
80 0.25596 0.07394 0.08326 0.05794 0.15324 0.08378 0.05708 0.00824 0.026 0.06406 0.62434 0.23916
81 0 0.18364 0.00928 0.29622 0.16098 0 0.06104 0.02196 0.0828 0.0607 0.65012 0.2265
82 0.28188 0.19422 0.11078 0.19636 0.26658 0.07114 0.06848 0.02206 0.0343 0.0798 1.04982 0.27578
83 0.06568 0.04146 0.00322 0.4151 0.23776 0.02476 0.03352 0.0385 0.10466 0.0584 0.76322 0.25984
84 0.24294 0.26784 0.0811 0.19362 0.37836 0.0463 0.09676 0.01146 0.03634 0.09902 1.16386 0.28988
85 0.30888 0.06964 0.6622 0.29222 0.051 0.06146 0.02248 0.1275 0.00182 0.0225 1.38394 0.23576
86 0 0.0741 0.12806 0.0874 0.06266 0 0.01558 0.06356 0.00244 0.01984 0.35222 0.10142
87 0.22446 0.08512 0.12348 0.08986 0.27172 0.05244 0.0108 0.03502 0.0359 0.07992 0.79464 0.21408
88 0.04042 0.11648 0.1083 0.11502 0.11638 0.01484 0.02528 0.06036 0.05246 0.02808 0.4966 0.18102
89 0.0304 0.18994 0.001 0.03676 0.01774 0.03214 0.08432 0.01584 0.0151 0.00542 0.27584 0.15282
90 0.06004 0.19266 0.08904 0.02034 0.00458 0.01662 0.10926 0.0649 0.10606 0.00848 0.36666 0.30532
91 0 0.24738 0.04794 0.11446 0.02318 0 0.10998 0.07692 0.01244 0.02154 0.43296 0.22088
92 0.13626 0.0445 0.1938 0.21274 0.19376 0.08004 0.02038 0.02836 0.01734 0.05432 0.78106 0.20044
93 0.1293 0.16816 0.03142 0.00956 0.04044 0.01354 0.03396 0.0072 0.01674 0.04412 0.37888 0.11556
94 0.06742 0.03478 0.0114 0.01188 0.00962 0.04224 0.00528 0.03618 0.02776 0.00068 0.1351 0.11214
95 0.0149 0.07586 0.0326 0.0136 0.00924 0.01042 0.02502 0.07332 0.03908 0.00328 0.1462 0.15112
96 0 0.00168 0.00538 0.00214 0.00274 0 0.00606 0.00682 0.00902 0.00426 0.01194 0.02616
97 0.00114 0.28538 0.12984 0.17036 0.29364 0.00092 0.08388 0.06768 0.0902 0.07374 0.88036 0.31642
98 0.06946 0.13202 0.02002 0.12744 0.02498 0.07294 0.06616 0.01526 0.015 0.0241 0.37392 0.19346
99 0.15566 0.31568 0.93832 0.99478 0.73492 0.03292 0.10072 0.21368 0.24482 0.21226 3.13936 0.8044
100 0.24292 1.43072 0.01872 0.1317 0.25936 0.05654 0.33868 0.0123 0.04002 0.07166 2.08342 0.5192
101 0 0.07248 0.53858 0.65812 1.38186 0 0.10392 0.16692 0.21254 0.40648 2.65104 0.88986
102 0.14536 0.65742 0.60148 0.04018 0.13938 0.1049 0.24322 0.1232 0.0873 0.00968 1.58382 0.5683
103 1.32598 0.01782 0.04246 0.0001 0.05446 0.4314 0.02184 0.03086 0.00436 0.01028 1.44082 0.49874
104 0.17322 0.03202 0.00422 0.02642 0.05336 0.06112 0.01134 0.01948 0.00598 0.00098 0.28924 0.0989
105 0.02812 0.11042 0.87482 0.8297 0.12276 0.00448 0.04682 0.3833 0.34434 0.0306 1.96582 0.80954
106 0 0.06194 0.35706 0.48218 0.06832 0 0.07932 0.19782 0.19746 0.08678 0.9695 0.56138
107 0.15904 0.15942 0.27002 0.45006 0.16604 0.03184 0.10596 0.14488 0.18894 0.07684 1.20458 0.54846
108 0.17542 0.33186 0.00682 0.01188 0.29634 0.07606 0.03066 0.02382 0.02302 0.05898 0.82232 0.21254
109 0.08388 0.01302 0.09782 0.02432 0.12366 0.08128 0.0667 0.02042 0.11408 0.11656 0.3427 0.39904
110 0.06436 0.03006 0.19654 0.12742 0.01108 0.08186 0.02902 0.1217 0.13476 0.02952 0.42946 0.39686
111 0 0.07148 0.2217 0.19932 0.0336 0 0.0472 0.01506 0.02276 0.02418 0.5261 0.1092
112 0.02708 0.01068 0.0304 0.0302 0.0563 0.00986 0.02988 0.02442 0.0074 0.00712 0.15466 0.07868
113 0.00052 0.05438 0.00058 0.00196 0.00042 0.0383 0.02744 0.02 0.02182 0.02868 0.05786 0.13624
114 0.05646 0.00304 0.08026 0.03586 0.01462 0.02134 0.01354 0.0342 0.0632 0.0005 0.19024 0.13278
115 0.00668 0.06856 0.00962 0.01332 0.06988 0.01874 0.02742 0.03162 0.03852 0.00904 0.16806 0.12534
116 0 0.0078 0.1053 0.03588 0.00938 0 0.052 0.01186 0.06812 0.00944 0.15836 0.14142
117 0.03148 0.08646 0.02766 0.01556 0.06272 0.07052 0.04988 0.03306 0.04432 0.0382 0.22388 0.23598
118 0.00324 0.03244 0.01566 0.0572 0.01844 0.02512 0.05154 0.03498 0.0449 0.0526 0.12698 0.20914
119 0.01192 0.06028 0.00932 0.0166 0.01332 0.03744 0.02754 0.02928 0.0482 0.02392 0.11144 0.16638
120 0.07188 0.12948 0.0292 0.03166 0.03692 0.04826 0.04374 0.00226 0.04878 0.0943 0.29914 0.23734
121 0 0.03878 0.04554 0.1525 0.01438 0 0.02142 0.00494 0.02854 0.0409 0.2512 0.0958
122 0.06716 0.0239 0.1099 0.06968 0.02168 0.04192 0.00376 0.05612 0.0122 0.04644 0.29232 0.16044
123 0.0208 0.02942 0.0506 0.07244 0.0864 0.05126 0.00456 0.0315 0.0365 0.04558 0.25966 0.1694
124 0.0701 0.08366 0.05862 0.0773 0.071 0.00188 0.0273 0.06708 0.06858 0.0096 0.36068 0.17444
125 0.1146 0.06728 0.0997 0.06736 0.04604 0.0382 0.0514 0.10374 0.05806 0.02102 0.39498 0.27242
126 0 0.07698 0.00788 0.0764 0.01156 0 0.0829 0.06444 0.03578 0.07492 0.17282 0.25804
127 0.02092 0.04382 0.08666 0.05596 0.10602 0.05958 0.08238 0.08374 0.02698 0.05494 0.31338 0.30762
128 0.02598 0.11106 0.05832 0.02674 0.05874 0.08008 0.08812 0.00722 0.01042 0.06602 0.28084 0.25186
129 0.05684 0.09136 0.04938 0.04068 0.02042 0.06244 0.06746 0.02944 0.02826 0.00982 0.25868 0.19742
130 0.04724 0.03882 0.06058 0.00204 0.00804 0.01144 0.0378 0.0599 0.04436 0.11058 0.15672 0.26408
131 0 0.08782 0.02676 0.00128 0.06728 0 0.06036 0.00458 0.06112 0.04916 0.18314 0.17522
132 0.01596 0.0324 0.1374 0.01828 0.02682 0.06322 0.06186 0.13598 0.11326 0.00186 0.23086 0.37618
133 0.12486 0.01732 0.0838 0.00272 0.04422 0.0253 0.0466 0.08846 0.02056 0.07488 0.27292 0.2558
134 0.00912 0.12364 0.0632 0.19446 0.0701 0.0815 0.04916 0.11798 0.02468 0.09248 0.46052 0.3658
135 0.04286 0.13436 0.03486 0.19322 0.00668 0.08868 0.0666 0.10824 0.14582 0.07008 0.41198 0.47942
136 0 0.08984 0.06738 0.00512 0.09488 0 0.0546 0.02852 0.04504 0.01194 0.25722 0.1401
137 0.08278 0.01426 0.20266 0.07662 0.06106 0.09352 0.1353 0.15592 0.27364 0.0249 0.43738 0.68328
138 0.00852 0.0594 0.03508 0.00386 0.06728 0.1205 0.04598 0.02838 0.08808 0.08694 0.17414 0.36988
139 0.02804 0.01454 0.09164 0.11986 0.0631 0.12614 0.0249 0.0126 0.05734 0.0158 0.31718 0.23678
140 0.0174 0.14478 0.08946 0.02632 0.06026 0.0121 0.1775 0.13234 0.00266 0.07204 0.33822 0.39664
141 0 0.0908 0.02892 0.0198 0.0824 0 0.04758 0.08926 0.12088 0.07146 0.22192 0.32918
142 0.02368 0.0021 0.0265 0.07928 0.02482 0.1293 0.06452 0.1837 0.3326 0.06964 0.15638 0.77976
143 0.00058 0.08218 0.13586 0.01354 0.06482 0.0384 0.17688 0.32054 0.02916 0.00496 0.29698 0.56994
144 0.1401 0.03008 0.01788 0.08994 0.03334 0.22082 0.00858 0.0697 0.11838 0.10406 0.31134 0.52154
145 0.09818 0.08078 0.05086 0.06352 0.06602 0.09718 0.02178 0.09788 0.0007 0.00222 0.35936 0.21976
146 0 0.0791 0.08802 0.01516 0.00438 0 0.12012 0.02796 0.05054 0.119 0.18666 0.31762
147 0.05438 0.04846 0.01362 0.09052 0.0088 0.10918 0.0273 0.01732 0.04664 0.00704 0.21578 0.20748
148 0.03098 0.15658 0.04108 0.05254 0.0427 0.03584 0.01452 0.09724 0.10862 0.00492 0.32388 0.26114
149 0.09858 0.02556 0.05902 0.09518 0.04656 0.13024 0.0254 0.15854 0.07074 0.02722 0.3249 0.41214
150 0.01756 0.12486 0.05158 0.12288 0.05036 0.091 0.45992 0.01362 0.10714 0.1386 0.36724 0.81028
151 0 0.0178 0.14452 0.1227 0.05068 0 0.19732 0.1436 0.27018 0.10048 0.3357 0.71158
152 0.00712 0.02074 0.00894 0.15868 0.13164 0.0537 0.07352 0.09946 0.26286 0.38824 0.32712 0.87778
153 0.11948 0.02882 0.03184 0.1062 0.09132 0.36082 0.13584 0.03958 0.33368 0.29634 0.37766 1.16626
154 0.12428 0.0332 0.08908 0.02464 0.03948 0.22138 0.04766 0.29762 0.04792 0.06472 0.31068 0.6793
155 0.05074 0.02772 0.02802 0.0386 0.00674 0.0903 0.15912 0.0229 0.04832 0.03666 0.15182 0.3573
156 0 0.35282 0.1739 0.17374 0.1041 0 1.05172 0.40442 0.57232 0.26832 0.80456 2.29678
157 0.3743 0.07088 0.35414 0.37882 0.44844 1.15518 0.00868 0.9818 1.2449 1.32938 1.62658 4.71994
158 0.1549 0.47172 0.0149 0.00864 0.08484 0.69916 1.94706 0.09896 0.05536 0.49884 0.735 3.29938
159 0.45254 0.27568 0.18548 0.30186 0.4295 1.89556 1.21538 0.931 1.38816 1.85242 1.64506 7.28252
160 0.3537 0.10274 0.4655 0.44004 0.061 1.48838 0.34826 1.94492 1.93592 0.28344 1.42298 6.00092
161 0 0.17358 0.24264 0.1835 0.03524 0 0.72052 0.97816 0.71526 0.01834 0.63496 2.43228
162 0.17834 0.09448 0.23402 0.01148 0.0181 0.74662 0.3152 0.75954 0.16218 0.07324 0.53642 2.05678
163 0.02824 0.03658 0.09806 0.07236 0.14448 0.25758 0.05962 0.22176 0.06268 0.50648 0.37972 1.10812
164 0.06926 0.17096 0.08846 0.20272 0.13852 0.1854 0.45754 0.05144 0.66344 0.35946 0.66992 1.71728
165 0.08498 0.13572 0.17812 0.0574 0.116 0.20544 0.3377 0.67914 0.56964 0.29058 0.57222 2.0825
166 0 0.00872 0.14204 0.16038 0.00982 0 0.08632 0.73908 0.83022 0.09352 0.32096 1.74914
167 0.04424 0.04946 0.02856 0.15836 0.0071 0.10602 0.15084 0.37396 0.74758 0.0485 0.28772 1.4269
168 0.00366 0.07392 0.0846 0.04536 0.00578 0.04964 0.43048 0.21404 0.06674 0.13564 0.21332 0.89654
169 0.01476 0.10218 0.10252 0.03534 0.12134 0.06906 0.30954 0.38364 0.03102 0.3537 0.37614 1.14696
170 0.01158 0.06414 0.1809 0.00158 0.1012 0.21022 0.31758 0.74308 0.13488 0.17414 0.3594 1.5799
171 0 0.1145 0.08072 0.2281 0.0774 0 0.33394 0.2304 0.81108 0.28612 0.50072 1.66154
172 0.04282 0.09982 0.03122 0.01774 0.04728 0.00114 0.46772 0.06016 0.04978 0.22468 0.23888 0.80348
173 0.10894 0.02776 0.03846 0.08152 0.00804 0.40714 0.12886 0.14756 0.36206 0.03098 0.26472 1.0766
174 0.0291 0.01184 0.06086 0.11546 0.048 0.11774 0.03578 0.3486 0.53312 0.10286 0.26526 1.1381
175 0.03334 0.10618 0.02892 0.0629 0.04282 0.15966 0.35724 0.1286 0.12804 0.08582 0.27416 0.85936
176 0 0.02586 0.02304 0.08686 0.0491 0 0.05666 0.10632 0.33998 0.22024 0.18486 0.7232
177 0.05454 0.02752 0.13166 0.07092 0.12518 0.19696 0.21854 0.56008 0.05886 0.40338 0.40982 1.43782
178 0.1467 0.1112 0.14218 0.05528 0.10108 0.59088 0.16604 0.65524 0.2731 0.4924 0.55644 2.17766
179 0.05748 0.01224 0.06738 0.06958 0.03426 0.00804 0.05402 0.25144 0.28042 0.14834 0.24094 0.74226
180 0.11452 0.2019 0.06036 0.10196 0.00848 0.58826 0.77284 0.202 0.3185 0.278 0.48722 2.1596
181 0 0.06832 0.05404 0.13164 0.02628 0 0.28486 0.0854 0.31214 0.11458 0.28028 0.79698
182 0.0508 0.03196 0.04296 0.03154 0.01106 0.29514 0.17364 0.01178 0.0618 0.13782 0.16832 0.68018
183 0.08968 0.0692 0.08476 0.00658 0.0044 0.42518 0.30614 0.2814 0.17366 0.0599 0.25462 1.24628
184 0.0318 0.10312 0.18464 0.01334 0.03254 0.01098 0.36174 0.60092 0.071 0.0888 0.36544 1.13344
185 0.12216 0.01282 0.11304 0.08374 0.01482 0.63468 0.00056 0.37746 0.3232 0.00344 0.34658 1.33934
186 0 0.0186 0.0222 0.02952 0.01556 0 0.18268 0.12902 0.07946 0.1216 0.08588 0.51276
187 0.01788 0.05684 0.0507 0.01118 0.00886 0.17598 0.22686 0.05098 0.16368 0.18412 0.14546 0.80162
188 0.0207 0.0534 0.07568 0.07498 0.08626 0.0079 0.2317 0.25178 0.39912 0.46348 0.31102 1.35398
189 0.07214 0.1434 0.10128 0.03822 0.0029 0.36548 0.43892 0.44468 0.1421 0.0527 0.35794 1.44388
190 0.05496 0.0699 0.05004 0.01766 0.00682 0.0874 0.31996 0.32608 0.06658 0.0188 0.19938 0.81882
191 0 0.10784 0.07188 0.1355 0.03336 0 0.40992 0.29588 0.37786 0.18752 0.34858 1.27118
192 0.05232 0.0603 0.00686 0.06512 0.0191 0.14018 0.31668 0.0709 0.27274 0.23392 0.2037 1.03442
193 0.05014 0.01234 0.13086 0.02056 0.01232 0.20646 0.05096 0.50116 0.16936 0.01084 0.22622 0.93878
194 0.00826 0.02008 0.07014 0.02968 0.05184 0.07382 0.04144 0.20736 0.00562 0.18216 0.18 0.5104
195 0.03838 0.12634 0.04176 0.0499 0.04146 0.20368 0.5729 0.05222 0.24726 0.02188 0.29784 1.09794
196 0 0.02468 0.01212 0.00526 0.04316 0 0.17038 0.0986 0.11772 0.24622 0.08522 0.63292
197 0.05164 0.15244 0.03126 0.01122 0.02032 0.25826 0.55592 0.12254 0.02854 0.05382 0.26688 1.01908
198 0.13688 0.01906 0.06096 0.06324 0.12192 0.6659 0.08906 0.06278 0.07064 0.51532 0.40206 1.4037
199 0.03464 0.0267 0.09862 0.01426 0.04176 0.16736 0.02684 0.40934 0.08766 0.25722 0.21598 0.94842
200 0.01038 0.03486 0.07452 0.12622 0.18876 0.18532 0.19626 0.18042 0.55896 0.924 0.43474 2.04496
201 0 0.00892 0.08272 0.06858 0.01584 0 0.12062 0.13472 0.29142 0.08646 0.17606 0.63322
202 0.1476 0.05418 0.04638 0.00812 0.20498 0.72752 0.0554 0.37698 0.29884 0.87066 0.46126 2.3294
203 0.01536 0.0348 0.00192 0.01392 0.1713 0.04166 0.13172 0.08072 0.17388 0.8307 0.2373 1.25868
204 0.02418 0.00928 0.00288 0.03146 0.0093 0.30596 0.17704 0.14272 0.08466 0.15264 0.0771 0.86302
205 0.04884 0.10334 0.05944 0.00574 0.17226 0.22988 0.12512 0.44414 0.02176 0.85136 0.38962 1.67226
206 0 0.01352 0.01788 0.00638 0.0073 0 0.04416 0.01218 0.03034 0.03844 0.04508 0.12512
207 0.04096 0.0718 0.00302 0.065 0.08758 0.21152 0.0322 0.17588 0.13712 0.469 0.26836 1.02572
208 0.11032 0.05104 0.0105 0.03538 0.035 0.4659 0.15166 0.0353 0.24334 0.11272 0.24224 1.00892
209 0.02686 0.05254 0.00652 0.0304 0.13502 0.16526 0.06146 0.08344 0.07582 0.57204 0.25134 0.95802
210 0.00032 0.1265 0.04606 0.03976 0.19394 0.12254 0.06894 0.18066 0.27274 0.96124 0.40658 1.60612
211 0 0.09286 0.01006 0.00994 0.20734 0 0.05076 0.12034 0.0007 0.9438 0.3202 1.1156
212 0.07048 0.04668 0.08536 0.12472 0.07418 0.0658 0.00948 0.49216 0.18184 0.14254 0.40142 0.89182
213 0.14118 0.02724 0.0683 0.06632 0.18286 0.57194 0.00326 0.25732 0.01198 0.72768 0.4859 1.57218
214 0.02532 0.00504 0.02366 0.01344 0.06406 0.24798 0.06836 0.04496 0.0861 0.35646 0.13152 0.80386
215 0.0239 0.03504 0.0783 0.05562 0.05516 0.16598 0.14474 0.29892 0.01688 0.11014 0.24802 0.73666
216 0 0.03358 0.10664 0.04476 0.00896 0 0.03558 0.28198 0.09476 0.133 0.19394 0.54532
217 0.05484 0.01246 0.01724 0.02078 0.03124 0.3187 0.03196 0.13426 0.1045 0.03898 0.13656 0.6284
218 0.01614 0.00444 0.01274 0.04978 0.03322 0.22016 0.02504 0.23082 0.301 0.0583 0.11632 0.83532
219 0.00526 0.03252 0.01578 0.02844 0.01752 0.09824 0.00766 0.05044 0.02166 0.03722 0.09952 0.21522
220 0.01278 0.05014 0.00082 0.02714 0.02702 0.0505 0.1701 0.08626 0.1315 0.08852 0.1179 0.52688
221 0 0.00526 0.0855 0.09154 0.04222 0 0.05238 0.28754 0.34156 0.17286 0.22452 0.85434
222 0.0136 0.01144 0.04854 0.00148 0.05128 0.1384 0.12006 0.4717 0.32146 0.1361 0.12634 1.18772
223 0.00316 0.01808 0.11202 0.02594 0.05488 0.01796 0.05098 0.39442 0.06204 0.20478 0.21408 0.73018
224 0.01574 0.00928 0.01832 0.03954 0.02978 0.14204 0.04148 0.73742 0.65916 0.16662 0.11266 1.74672
225 0.0065 0.03242 0.06972 0.00352 0.00842 0.23446 0.13156 0.40292 0.21754 0.1352 0.12058 1.12168
226 0 0.00734 0.0458 0.06938 0.04156 0 0.17164 0.06362 0.01984 0.12712 0.16408 0.38222
227 0.01922 0.09312 0.0334 0.04474 0.01088 0.10052 0.10428 0.11852 0.04368 0.06592 0.20136 0.43292
228 0.0006 0.02412 0.01114 0.0555 0.04576 0.12822 0.01406 0.22868 0.27656 0.34294 0.13712 0.99046
229 0.03154 0.01622 0.03274 0.00488 0.06532 0.09458 0.17896 0.04162 0.04734 0.1328 0.1507 0.4953
230 0.01866 0.02164 0.03514 0.00234 0.05118 0.01214 0.03138 0.03828 0.02798 0.14648 0.12896 0.25626
231 0 0.04144 0.02574 0.07634 0.03092 0 0.38778 0.4491 0.27508 0.07448 0.17444 1.18644
232 0.00596 0.00012 0.03194 0.01744 0.0682 0.28734 0.13116 0.38554 0.2927 0.42838 0.12366 1.52512
233 0.06542 0.01492 0.11712 0.02916 0.11528 0.33682 0.2458 0.78084 0.74766 0.51386 0.3419 2.62498
234 0.04992 0.07892 0.0343 0.03144 0.01566 0.0494 0.0476 0.22986 0.3207 0.02504 0.21024 0.6726
235 0.00414 0.0303 0.03108 0.02712 0.04076 0.05938 0.48718 0.0681 0.02062 0.08974 0.1334 0.72502
236 0 0.0409 0.0408 0.13148 0.04034 0 0.27028 0.12186 0.31572 0.11692 0.25352 0.82478
237 0.0324 0.05612 0.03464 0.04812 0.04552 0.63466 0.29582 0.0587 0.06256 0.2116 0.2168 1.26334
238 0.02956 0.04478 0.05368 0.00068 0.0795 0.10326 0.40492 0.5586 0.19208 0.41404 0.2082 1.6729
239 0.08146 0.06768 0.0337 0.01542 0.05916 0.44058 0.2698 0.03622 0.41344 0.27944 0.25742 1.43948
240 0.02302 0.07722 0.02762 0.07502 0.01114 0.24456 0.2133 0.35126 0.48906 0.06022 0.21402 1.3584
241 0 0.0422 0.01676 0.01072 0.00998 0 0.0136 0.15948 0.40062 0.10392 0.07966 0.67762
242 0.08046 0.00868 0.15524 0.05742 0.02912 0.1312 0.08028 0.85676 0.15908 0.14482 0.33092 1.37214
243 0.07658 0.09782 0.01204 0.05804 0.03144 0.93326 0.29968 0.23728 0.22118 0.30378 0.27592 1.99518
244 0.0353 0.1468 0.04804 0.03662 0.05308 0.00702 0.49108 0.20652 0.36754 0.5041 0.31984 1.57626
245 0.00092 0.03282 0.06216 0.02768 0.05312 0.12498 0.29402 0.23966 0.31972 0.0859 0.1767 1.06428
246 0 0.02648 0.02652 0.0004 0.0339 0 0.0656 0.12344 0.14572 0.2896 0.0873 0.62436
247 0.05016 0.0343 0.00414 0.0512 0.04544 0.08118 0.106 0.24212 0.17404 0.41728 0.18524 1.02062
248 0.08438 0.03004 0.14262 0.00246 0.05034 0.54368 0.07122 0.56852 0.14686 0.07976 0.30984 1.41004
249 0.0324 0.03818 0.07246 0.0706 0.054 0.20486 0.0996 0.23232 0.22034 0.177 0.26764 0.93412
250 0.07706 0.1004 0.05402 0.00658 0.08086 0.0216 0.00298 0.19962 0.02016 0.42228 0.31892 0.66664
251 0 0.02282 0.0349 0.02884 0.01202 0 0.1466 0.38712 0.21276 0.28486 0.09858 1.03134
252 0.01526 0.08112 0.03718 0.0277 0.01956 0.09924 0.21898 0.22662 0.18286 0.18512 0.18082 0.91282
253 0.05658 0.02784 0.04066 0.05618 0.0204 0.11844 0.10988 0.09104 0.20002 0.21146 0.20166 0.73084
254 0.08662 0.00632 0.0287 0.02216 0.01568 0.10304 0.05126 0.00334 0.00236 0.13914 0.15948 0.29914
255 0.03216 0.01092 0.02318 0.04088 0.02054 0.01302 0.0756 0.12014 0.29806 0.1311 0.12768 0.63792
256 0 0.09672 0.0421 0.01014 0.03424 0 0.3465 0.07646 0.19382 0.18854 0.1832 0.80532
257 0.10564 0.00914 0.01356 0.08438 0.0438 0.2702 0.32248 0.30974 0.17916 0.45462 0.25652 1.5362
258 0.18814 0.02724 0.01624 0.05404 0.01402 0.28854 0.19 0.37538 0.17914 0.37624 0.29968 1.4093
259 0.11426 0.0964 0.0131 0.01674 0.08468 0.19982 0.05088 0.03466 0.16302 0.06362 0.32518 0.512
260 0.03406 0.01652 0.05764 0.00282 0.01852 0.00566 0.14708 0.51872 0.41074 0.11092 0.12956 1.19312
261 0 0.01066 0.06276 0.06782 0.01474 0 0.24578 0.46926 0.85086 0.1458 0.15598 1.7117
262 0.0034 0.1502 0.00274 0.04056 0.05626 0.37396 0.92448 0.59578 0.03558 0.20734 0.25316 2.13714
263 0.00454 0.00748 0.04818 0.06206 0.18594 0.08632 0.29812 0.12936 0.10748 0.6303 0.3082 1.25158
264 0.07218 0.00232 0.01092 0.01894 0.05508 0.23368 0.10254 0.08258 0.0313 0.67676 0.15944 1.12686
265 0.00042 0.02874 0.02676 0.05822 0.04446 0.12292 0.11214 0.14684 0.4465 0.2627 0.1586 1.0911
266 0 0.03568 0.03476 0.06988 0.04096 0 0.17196 0.17492 0.23152 0.03354 0.18128 0.61194
267 0.02308 0.0408 0.03022 0.06736 0.01036 0.25924 0.1262 0.25964 0.37572 0.06562 0.17182 1.08642
268 0.08654 0.02998 0.00398 0.0056 0.07682 0.25098 0.08574 0.00112 0.0943 0.09504 0.20292 0.52718
269 0.05188 0.0095 0.05562 0.10424 0.05804 0.39788 0.56176 0.36502 0.53722 0.2358 0.27928 2.09768
270 0.06954 0.00072 0.0276 0.09156 0.0369 0.56806 0.65068 0.26318 0.5506 0.16884 0.22632 2.20136
271 0 0.1045 0.03002 0.04044 0.10208 0 0.55376 0.0089 0.17996 0.18454 0.27704 0.92716
272 0.12844 0.12018 0.0065 0.0128 0.13314 0.48346 0.08822 0.45684 0.2377 0.24068 0.40106 1.5069
273 0.0061 0.05428 0.0112 0.01818 0.0974 0.06294 0.31402 0.0862 0.14678 0.53256 0.18716 1.1425
274 0.08728 0.0211 0.00524 0.01362 0.008 0.00482 0.16704 0.00598 0.0953 0.09 0.13524 0.36314
275 0.05714 0.0749 0.02228 0.031 0.0942 0.0883 0.41432 0.00506 0.0139 0.43042 0.27952 0.952
276 0 0.01314 0.02304 0.0009 0.06472 0 0.14042 0.00424 0.02442 0.16514 0.1018 0.33422
277 0.01702 0.016 0.00282 0.01792 0.0214 0.16002 0.0489 0.04588 0.1207 0.18886 0.07516 0.56436
278 0.0139 0.02352 0.02614 0.0208 0.1702 0.08566 0.35328 0.08032 0.12446 0.334 0.25456 0.97772
279 0.10192 0.0346 0.03562 0.0707 0.06318 0.38462 0.00014 0.47494 0.0704 0.45968 0.30602 1.38978
280 0.00762 0.03346 0.02776 0.08988 0.01934 0.38282 0.25632 0.21658 0.68434 0.40972 0.17806 1.94978
281 0 0.0186 0.01368 0.06334 0.06324 0 0.36408 0.25672 0.29142 0.2459 0.15886 1.15812
282 0.05642 0.00786 0.16506 0.12486 0.01688 0.10584 0.13546 0.37254 0.00336 0.0683 0.37108 0.6855
283 0.01464 0.0821 0.01038 0.07012 0.0328 0.08704 0.67546 0.07184 0.5323 0.13842 0.21004 1.50506
284 0.00728 0.02068 0.0173 0.0264 0.09598 0.04194 0.08132 0.82632 1.31788 0.46584 0.16764 2.7333
285 0.05754 0.0398 0.07206 0.03196 0.07342 0.38324 0.00838 1.09824 0.29884 0.21818 0.27478 2.00688
286 0 0.04746 0.0946 0.01834 0.04646 0 0.60426 1.2158 0.4592 0.28674 0.20686 2.566
287 0.0417 0.0472 0.06234 0.02352 0.01918 0.1343 0.05186 0.46324 0.19208 0.07576 0.19394 0.91724
288 0.03964 0.07286 0.00608 0.06506 0.0231 0.13422 0.00984 0.45796 0.50564 0.04356 0.20674 1.15122
289 0.14018 0.00126 0.02302 0.0041 0.06428 0.00068 0.4009 0.27226 0.15508 0.0687 0.23284 0.89762
290 0.08936 0.0994 0.01464 0.0466 0.00018 0.26852 0.34802 0.03718 0.60298 0.25002 0.25018 1.50672
291 0 0.01596 0.0486 0.01296 0.10582 0 0.203 0.13236 0.02064 0.18818 0.18334 0.54418
292 0.10008 0.00136 0.0361 0.02054 0.0167 0.007 0.20756 0.02706 0.3472 0.02634 0.17478 0.61516
293 0.04812 0.03786 0.0416 0.05068 0.01344 0.0883 0.12942 0.2046 0.21692 0.18994 0.1917 0.82918
294 0.02028 0.00304 0.02754 0.05322 0.04234 0.21804 0.02282 0.00926 0.00326 0.12842 0.14642 0.3818
295 0.0303 0.00448 0.04678 0.0019 0.00194 0.27544 0.07812 0.131 0.01934 0.01616 0.0854 0.52006
296 0 0.03628 0.0079 0.03464 0.0023 0 0.0343 0.12244 0.02002 0.09638 0.08112 0.27314
297 0.05252 0.0086 0.05594 0.0343 0.01238 0.13144 0.17904 0.07282 0.05002 0.06708 0.16374 0.5004
298 0.01498 0.01788 0.08482 0.03294 0.02544 0.14478 0.13886 0.16262 0.01392 0.08016 0.17606 0.54034
299 0.05074 0.00128 0.02604 0.04408 0.03382 0.10586 0.03568 0.1335 0.14166 0.15718 0.15596 0.57388
300 0.03746 0.07672 0.00616 0.0254 0.0692 0.00148 0.06522 0.06588 0.19438 0.07604 0.21494 0.403
301 0 0.00962 0.06726 0.0902 0.15488 0 0.20526 0.24314 0.2116 0.18372 0.32196 0.84372
302 0.03462 0.02246 0.03332 0.03346 0.05662 0.13854 0.15696 0.1646 0.07966 0.15814 0.18048 0.6979
303 0.03426 0.01358 0.0263 0.02082 0.03188 0.01026 0.07142 0.05442 0.0314 0.08374 0.12684 0.25124
304 0.03164 0.0677 0.0638 0.0441 0.00972 0.0051 0.05098 0.34262 0.08272 0.02812 0.21696 0.50954
305 0.03844 0.0207 0.0091 0.0022 0.02824 0.01428 0.01898 0.12536 0.01162 0.02566 0.09868 0.1959
306 0 0.02466 0.04456 0.02794 0.00602 0 0.00486 0.23838 0.11098 0.07364 0.10318 0.42786
307 0.02036 0.01776 0.01444 0.02182 0.03164 0.07358 0.01474 0.0364 0.05116 0.0039 0.10602 0.17978
308 0.02928 0.02198 0.00564 0.00424 0.02866 0.01092 0.1006 0.15476 0.24042 0.09774 0.0898 0.60444
309 0.05962 0.05156 0.00664 0.00478 0.0241 0.12312 0.04572 0.14876 0.19824 0.0407 0.1467 0.55654
310 0.05092 0.07874 0.02012 0.00368 0.02418 0.11478 0.02924 0.08854 0.27126 0.14806 0.17764 0.65188
311 0 0.03354 0.01622 0.02586 0.07226 0 0.12906 0.13426 0.26528 0.12186 0.14788 0.65046
312 0.0015 0.05768 0.0074 0.00436 0.02186 0.01146 0.09996 0.26972 0.24854 0.04824 0.0928 0.67792
313 0.0436 0.0087 0.02722 0.00116 0.00568 0.0154 0.25776 0.32322 0.0922 0.04626 0.08636 0.73484
314 0.01072 0.01346 0.0044 0.01266 0.07884 0.01978 0.17024 0.07836 0.2785 0.05656 0.12008 0.60344
315 0.06938 0.07308 0.01318 0.00386 0.07246 0.03812 0.21984 0.01976 0.35748 0.03362 0.23196 0.66882
316 0 0.07834 0.04736 0.00756 0.03994 0 0.1734 0.08006 0.24448 0.0183 0.1732 0.51624
317 0.041 0.03722 0.06106 0.0009 0.01926 0.04846 0.08854 0.09808 0.1576 0.0789 0.15944 0.47158
318 0.06218 0.00244 0.01084 0.05644 0.02556 0.1991 0.08828 0.32362 0.02924 0.12996 0.15746 0.7702
319 0.04314 0.04312 0.04852 0.03952 0.01344 0.02222 0.00304 0.48262 0.26494 0.01132 0.18774 0.78414
320 0.0504 0.03854 0.0148 0.01826 0.01338 0.1372 0.21964 0.3047 0.36904 0.275 0.13538 1.30558
321 0 0.03704 0.02588 0.02006 0.01048 0 0.35278 0.17652 0.01406 0.38698 0.09346 0.93034
322 0.0196 0.06274 0.01942 0.09038 0.0097 0.2658 0.69492 0.12034 0.31408 0.47626 0.20184 1.8714
323 0.05038 0.027 0.0757 0.00486 0.0297 0.61556 0.34344 0.09926 0.48162 0.227 0.18764 1.76688
324 0.06712 0.04752 0.12766 0.11962 0.0003 0.45058 0.00786 0.6183 0.40722 0.11238 0.36222 1.59634
325 0.0057 0.0076 0.02256 0.0062 0.05408 0.26972 0.07844 0.32128 0.35888 0.49868 0.09614 1.527
326 0 0.0007 0.14608 0.08018 0.0327 0 0.3151 0.08434 0.00136 0.60976 0.25966 1.01056
327 0.02016 0.06318 0.09994 0.11714 0.01532 0.54586 0.2812 0.2539 0.1524 0.56888 0.31574 1.80224
328 0.00828 0.0437 0.1737 0.16414 0.0138 0.08508 0.21326 0.14188 0.07704 0.54374 0.40362 1.061
329 0.06352 0.00468 0.12368 0.20608 0.00876 0.5087 0.2586 0.26462 0.4233 0.2138 0.40672 1.66902
330 0.04764 0.08938 0.08232 0.14724 0.0239 0.38742 0.2115 0.182 0.116 0.39684 0.39048 1.29376
331 0 0.03732 0.00012 0.01762 0.0527 0 0.03716 0.32502 0.06928 0.25168 0.10776 0.68314
332 0.0294 0.0264 0.16802 0.18312 0.01638 0.28946 0.08932 0.52178 0.25782 0.2085 0.42332 1.36688
333 0.0703 0.01186 0.0194 0.0757 0.00854 0.14556 0.15842 0.06876 0.10782 0.2664 0.1858 0.74696
334 0.0293 0.01046 0.09674 0.0303 0.01872 0.68822 0.00864 0.3782 0.4382 0.6274 0.18552 2.14066
335 0.04546 0.00502 0.10548 0.09408 0.01796 0.39344 0.4375 0.26224 0.16672 0.5269 0.268 1.7868
336 0 0.02034 0.22406 0.14292 0.01348 0 0.65782 0.8258 0.49718 0.11972 0.4008 2.10052
337 0.10804 0.01502 0.00584 0.05698 0.00334 0.2191 0.12124 0.21756 0.0591 0.02542 0.18922 0.64242
338 0.03466 0.01684 0.048 0.06188 0.00084 0.0227 0.1121 0.33102 0.6443 0.10184 0.16222 1.21196
339 0.00034 0.01696 0.0898 0.0566 0.00396 0.02146 0.21152 0.03012 0.22396 0.1117 0.16766 0.59876
340 0.02618 0.02292 0.05506 0.01666 0.03648 0.5321 0.0126 0.63846 0.61904 0.1858 0.1573 1.988
341 0 0.01786 0.1484 0.1947 0.02484 0 0.1198 0.803 1.3019 0.3051 0.3858 2.5298
342 0.04764 0.04346 0.0066 0.02392 0.02978 0.6924 0.04034 0.1112 0.6478 0.08468 0.1514 1.57642
343 0.04936 0.03782 0.12572 0.14372 0.01302 0.0116 0.59612 0.81224 0.68812 0.30124 0.36964 2.40932
344 0.02488 0.0827 0.0083 0.00338 0.0519 0.01826 1.47136 0.35024 0.18404 0.77582 0.17116 2.79972
345 0.00684 0.02132 0.0711 0.0665 0.02006 0.546 0.46202 1.31352 1.03412 0.89142 0.18582 4.24708
346 0 0.07 0.0491 0.0405 0.02972 0 0.76538 0.79474 0.00574 0.07496 0.18932 1.64082
347 0.06256 0.00614 0.02672 0.03832 0.00904 0.41244 0.05708 0.06646 0.02462 0.16728 0.14278 0.72788
348 0.01258 0.0356 0.03446 0.0201 0.0317 0.1055 0.13018 0.05024 0.11392 0.00914 0.13444 0.40898
349 0.01208 0.00578 0.0175 0.02472 0.00274 0.05668 0.01224 0.21602 0.1632 0.0504 0.06282 0.49854
350 0.0448 0.02448 0.04274 0.0363 0.00646 0.06268 0.09984 0.11636 0.08084 0.04058 0.15478 0.4003
351 0 0.00566 0.0241 0.00806 0.01396 0 0.18468 0.39212 0.064 0.32466 0.05178 0.96546
352 0.03236 0.01662 0.01302 0.00226 0.01546 0.00202 0.0835 0.09212 0.00658 0.02578 0.07972 0.21
353 0.00522 0.00826 0.0681 0.05514 0.0035 0.06844 0.24166 0.49344 0.37844 0.27408 0.14022 1.45606
354 0.03434 0.00414 0.03662 0.0636 0.00446 0.10272 0.17694 0.2295 0.15524 0.00594 0.14316 0.67034
355 0.00528 0.01244 0.05644 0.06442 0.01338 0.0059 0.05644 0.15156 0.19142 0.16643 0.15196 0.57175
356 0 0.00714 0.01666 0.0023 0.00996 0 0.3002 0.14826 0.0043 0.25488 0.03606 0.70764
357 0.00042 0.01586 0.01084 0.0267 0.00038 0.03356 0.08728 0.08114 0.4134 0.13878 0.0542 0.75416
358 0.00576 0.02424 0.02336 0.03012 0.02346 0.19768 0.0142 0.17716 0.17102 0.0618 0.10694 0.62186
359 0.0108 0.01348 0.0043 0.02798 0.02722 0.0509 0.06778 0.01828 0.17216 0.06608 0.08378 0.3752
360 0.00654 0.0402 0.00436 0.03666 0.0098 0.07326 0.13234 0.2678 0.20732 0.37022 0.09756 1.05094
361 0 0.03256 0.00106 0.04712 0.0097 0 0.0398 0.31444 0.23096 0.20812 0.09044 0.79332
362 0.01178 0.00068 0.02664 0.01972 0.00492 0.21038 0.1409 0.28902 0.14366 0.00724 0.06374 0.7912
363 0.00638 0.00798 0.00646 0.0175 0.01112 0.07248 0.05992 0.10604 0.01796 0.03546 0.04944 0.29186
364 0.0183 0.03162 0.00376 0.02134 0.01548 0.07916 0.13272 0.14718 0.01652 0.2278 0.0905 0.60338
365 0.01802 0.01706 0.06168 0.0345 0.013 0.12468 0.03582 0.49124 0.24794 0.17372 0.14426 1.0734
366 0 0.05098 0.04296 0.01822 0.02886 0 0.32514 0.26098 0.06314 0.29008 0.14102 0.93934
367 0.02718 0.02112 0.07976 0.05572 0.02386 0.01118 0.46348 0.2315 0.22058 0.49844 0.20764 1.42518
368 0.0357 0.00658 0.0243 0.0135 0.01574 0.19938 0.10004 0.27968 0.2447 0.16978 0.09582 0.99358
369 0.02568 0.0062 0.03302 0.04124 0.02316 0.19626 0.01062 0.26668 0.15286 0.13278 0.1293 0.7592
370 0.0096 0.05436 0.02548 0.05276 0.00204 0.00508 0.37262 0.08894 0.00532 0.42306 0.14424 0.89502
371 0 0.035 0.00836 0.03776 0.00844 0 0.09344 0.12776 0.14976 0.02524 0.08956 0.3962
372 0.02284 0.02738 0.0035 0.01588 0.00258 0.08486 0.17768 0.25136 0.00138 0.03434 0.07218 0.54962
373 0.0026 0.00236 0.05374 0.05902 0.02926 0.10832 0.2388 0.2511 0.015 0.21106 0.14698 0.82428
374 0.01012 0.0386 0.0067 0.01492 0.04444 0.07372 0.23158 0.25524 0.22298 0.25488 0.11478 1.0384
375 0.02348 0.0287 0.00128 0.02176 0.00376 0.12814 0.06014 0.24598 0.19454 0.07446 0.07898 0.70326
376 0 0.01094 0.02956 0.0216 0.00202 0 0.02904 0.0071 0.00794 0.03816 0.06412 0.08224
377 0.01814 0.00628 0.0004 0.00374 0.02278 0.04778 0.05472 0.09262 0.00768 0.2329 0.05134 0.4357
378 0.00806 0.04002 0.01632 0.00734 0.04922 0.0504 0.2029 0.14466 0.227 0.26538 0.12096 0.89034
379 0.0253 0.01022 0.02562 0.05552 0.01946 0.14016 0.08038 0.4369 0.15544 0.09618 0.13612 0.90906
380 0.02182 0.00686 0.04716 0.04526 0.00358 0.00854 0.01236 0.09058 0.16582 0.08402 0.12468 0.36132
381 0 0.0105 0.01552 0.01524 0.00882 0 0.26436 0.04122 0.0549 0.12316 0.05008 0.48364
382 0.00292 0.02186 0.0019 0.01084 0.02382 0.13946 0.01066 0.00214 0.01416 0.01284 0.06134 0.17926
383 0.00528 0.00342 0.00406 0.011 0.00124 0.03034 0.01338 0.043 0.08214 0.00902 0.025 0.17788
384 0.01206 0.02154 0.02082 0.0105 0.02192 0.04026 0.07964 0.29816 0.09794 0.07948 0.08684 0.59548
385 0.01682 0.00152 0.00182 0.00564 0.02418 0.09476 0.08484 0.02212 0.1618 0.02906 0.04998 0.39258
386 0 0.01102 0.00888 0.00526 0.00918 0 0.04748 0.01866 0.03552 0.08498 0.03434 0.18664
387 0.00432 0.00374 0.00962 0.02538 0.00772 0.00334 0.05904 0.04446 0.05806 0.19316 0.05078 0.35806
388 0.00186 0.00934 0.00266 0.00588 0.0029 0.03904 0.04768 0.0647 0.0041 0.03534 0.02264 0.19086
389 0.01494 0.00132 0.02048 0.01128 0.0091 0.0169 0.07092 0.22944 0.00126 0.10112 0.05712 0.41964
390 0.02598 0.01494 0.01312 0.00998 0.02732 0.12048 0.07496 0.0951 0.1884 0.32954 0.09134 0.80848
391 0 0.00804 0.01546 0.00574 0.00052 0 0.00026 0.04104 0.10778 0.00198 0.02976 0.15106
392 0.0122 0.02884 0.00954 0.01112 0.03086 0.02072 0.0701 0.13958 0.00162 0.21482 0.09256 0.44684
393 0.00944 0.0211 0.01876 0.02724 0.0088 0.0145 0.03562 0.24396 0.08372 0.0729 0.08534 0.4507
394 0.01294 0.01214 0.00888 0.02304 0.00388 0.09962 0.0613 0.04028 0.1668 0.00334 0.06088 0.37134
395 0.00232 0.00122 0.00936 6e-05 0.00874 0.1604 0.04748 0.0279 0.01116 0.05112 0.0217 0.29806
396 0 0.00246 0.01156 0.00494 0.0019 0 0.0671 0.09378 0.21688 0.0024 0.02086 0.38016
397 0.00158 0.00476 0.01598 0.00542 0.00034 0.0608 0.0262 0.037 0.03222 0.01338 0.02808 0.1696
398 0.007 0.01102 0.00922 0.00758 0.00614 0.04562 0.00274 0.19036 0.08774 0.01558 0.04096 0.34204
399 0.01462 0.01352 0.00854 0.0258 0.02518 0.07674 0.10118 0.02896 0.02014 0.0785 0.08766 0.30552
400 0.016 0.02678 0.00554 0.00152 0.03972 0.0522 0.12042 0.08096 0.02276 0.19124 0.08956 0.46758
401 0 0.00098 0.01052 0.00154 0.00236 0 0.01106 0.31072 0.13128 0.00584 0.0154 0.4589
402 0.03426 0.00678 0.01106 0.01054 0.00306 0.00558 0.0105 0.02494 0.00208 0.04698 0.0657 0.09008
403 0.00156 0.00646 0 0.01252 0.00058 0.10572 0.02878 0.0001 0.01882 0.12302 0.02112 0.27644
404 0.00486 0.01256 0.01046 0.0136 0.00706 0.10652 0.0125 0.08654 0.11618 0.0097 0.04854 0.33144
405 0.01174 0.01146 0.01632 0.0224 0.02146 0.05928 0.0535 0.0201 0.02144 0.10282 0.08338 0.25714
406 0.00802 0.0158 0.0158 0.0158 0.0158 0.0158 0.0158 0.0158 0.0158 0.0158 0.07122 0.079
407 0.38124 0.12172 0.12172 0.12172 0.12172 0.12172 0.12172 0.12172 0.12172 0.12172 0.86812 0.6086
408 0.0044 0.1062 0.1062 0.1062 0.1062 0.1062 0.1062 0.1062 0.1062 0.1062 0.4292 0.531
