0.00018 0.00018 0.00212 0.00214 0.00319
0.00004 0.00005 0.00063 0.00065 0.00094
0.00004 -0.00001 -0.00116 -0.00145 0.00105
0.00000 -0.00001 0.00021 -0.00025 0.00014
0.00000 0.00000 0.00011 0.00008 -0.00015
-0.00001 0.00000 -0.00012 -0.00006 0.00038
0.00029 -0.00034 -0.00009 -0.00092 0.00126
0.00027 0.00021 0.00032 -0.00056 0.00080
-0.00007 -0.00005 -0.00092 0.00032 0.00256
-0.00020 0.00018 -0.00007 0.00039 -0.00030
-0.00015 -0.00016 -0.00038 -0.00013 0.00018
-0.00001 0.00002 0.00027 -0.00020 -0.00038
0 0.00001 0.00001 -0.00005 -0.00011
0.00000 0.00000 -0.00005 0.00007 0.00005
0.00000 0.00001 -0.00006 -0.00009 -0.00013
0.00000 0.00000 0.00010 0.00007 0.00005
-0.00001 0.00001 0.00018 -0.00013 -0.00005
0 -0.00001 -0.00008 -0.00075 0.00004
-0.00003 0.00006 -0.00041 0.00008 0.00051
-0.00004 -0.00009 -0.00019 0.00062 0.00030
0.00007 0.00006 -0.00053 0.00030 0.00012
0.00012 -0.00008 0.00019 -0.00079 0.00058
    
0.00441 0.00191 -0.00006 -0.00004 -0.00147
0.00181 0.00018 -0.00002 -0.00001 -0.00073
-0.00214 0.00109 0.00052 0.00042 0.00137
0.00004 0.00001 0.00000 -0.00001 -0.00023
-0.00082 -0.00031 0.00000 0.00000 -0.00027
-0.00041 -0.00017 -0.00001 0.00000 0.00013
0.00029 -0.00010 -0.00010 0.00000 0.00027
-0.00515 0.00126 0.00015 0.00005 0.00083
-0.00270 0.00076 -0.00002 0.00006 0.00116
-0.00003 -0.00003 0.00024 -0.00022 0.00020
0.00077 0.00014 0.00022 0.00023 0.00025
0.00031 0.00005 0.00001 -0.00003 -0.00029
0 0.00000 0.00003 0.00001 0.00001
0.00000 0.00001 0.00000 -0.00001 -0.00003
0.00000 -0.00016 -0.00001 0.00000 -0.00003
0.00001 0.00015 0.00000 0.00001 -0.00003
0.00001 0.00002 -0.00001 0.00001 -0.00012
0 -0.00047 -0.00056 -0.00005 -0.00002
-0.00018 -0.00010 0.00003 0.00007 0.00040
0.00137 0.00249 0.00001 -0.00008 0.00067
-0.00136 -0.00226 0.00008 -0.00003 0.00001
-0.00013 -0.00018 0.00006 -0.00005 0.00100
    
-0.00138 0.00049 0.00027 0.00025 0.00052
-0.00066 -0.00007 0.00004 0.00008 0.00002
0.00150 0.00080 -0.00014 -0.00036 0.00003
0.00034 -0.00002 0.00000 0.00003 -0.00005
-0.00016 -0.00006 -0.00003 -0.00003 -0.00007
-0.00001 -0.00018 -0.00006 0.00001 -0.00008
0.00061 0.00062 -0.00063 0.00000 0.00072
0.00147 0.00087 0.00035 0.00054 0.00047
0.00029 0.00212 0.00029 -0.00035 0.00088
-0.00051 -0.00014 0.00041 0.00010 -0.00052
0.00005 0.00001 -0.00025 -0.00058 -0.00035
0.00000 -0.00091 -0.00037 0.00020 -0.00037
0 0.00004 -0.00016 -0.00002 0.00007
-0.00003 0.00000 0.00007 0.00003 -0.00013
0.00004 -0.00010 -0.00010 0.00003 -0.00010
0.00004 -0.00001 -0.00001 0.00010 0.00003
0.00012 -0.00004 0.00008 0.00003 -0.00010
0 -0.00023 0.00137 0.00025 -0.00036
0.00018 -0.00014 -0.00052 -0.00034 0.00093
-0.00029 0.00090 0.00067 -0.00068 0.00046
-0.00092 -0.00004 0.00055 -0.00039 -0.00023
-0.00116 0.00024 -0.00047 -0.00026 0.00093
    
-0.00038 -0.00027 -0.00055 -0.00051 -0.00029
-0.00006 -0.00004 -0.00018 -0.00017 -0.00008
0.00043 0.00043 0.00103 0.00107 0.00040
0.00002 -0.00002 0.00001 0.00001 0.00000
0.00002 0.00003 -0.00003 -0.00001 -0.00001
0.00001 -0.00002 0.00000 -0.00003 -0.00001
-0.00001 0.00009 -0.00023 0.00043 -0.00034
-0.00001 0.00018 0.00032 0.00049 -0.00026
0.00011 -0.00001 0.00044 0.00025 0.00002
0.00004 -0.00025 0.00050 -0.00052 0.00031
0.00021 0.00005 0.00039 0.00037 0.00043
-0.00009 0.00012 -0.00006 -0.00008 0.00003
0 0.00000 0.00000 0.00000 0.00002
0.00002 -0.00001 -0.00001 0.00002 0.00000
-0.00001 -0.00002 -0.00001 -0.00003 -0.00001
0.00002 -0.00001 0.00004 0.00002 0.00002
0.00001 0.00000 0.00000 -0.00001 -0.00001
0 0.00012 0.00004 0.00001 -0.00001
-0.00021 0.00007 0.00008 -0.00013 0.00005
-0.00009 -0.00001 0.00005 0.00013 0.00005
0.00002 0.00031 -0.00020 -0.00012 -0.00001
-0.00018 0.00012 0.00001 0.00006 -0.00002
    
-0.00020 -0.00022 -0.00021 0.00038 0.00030
-0.00005 -0.00004 -0.00003 0.00013 0.00011
0.00026 0.00044 0.00044 -0.00089 -0.00105
0.00000 0.00001 -0.00003 0.00002 -0.00001
0.00000 0.00002 0.00001 -0.00002 -0.00001
-0.00001 -0.00002 0.00000 -0.00001 -0.00002
0.00035 -0.00042 0.00044 -0.00029 -0.00011
-0.00024 -0.00011 -0.00008 -0.00004 -0.00046
-0.00003 0.00015 0.00014 -0.00005 0.00023
-0.00039 0.00053 -0.00049 -0.00047 0.00056
0.00033 0.00030 0.00032 0.00004 0.00010
0.00008 -0.00008 -0.00015 0.00043 0.00038
0 0.00001 0.00000 0.00000 -0.00002
0.00000 -0.00001 -0.00001 -0.00003 0.00005
-0.00001 -0.00002 -0.00001 0.00001 -0.00001
0.00001 0.00000 0.00002 0.00004 0.00001
0.00000 0.00001 -0.00001 0.00000 0.00000
0 -0.00001 0.00003 0.00006 0.00007
-0.00001 0.00007 -0.00005 0.00018 -0.00031
-0.00001 -0.00002 0.00000 -0.00003 0.00022
-0.00001 -0.00002 -0.00003 -0.00039 -0.00013
0.00008 -0.00011 0.00012 0.00009 -0.00011
    
-0.01265 -0.01062 -0.00032 0.00052 -0.00011
0.99836 0.02248 -0.00007 -0.00203 -0.00005
0.00390 -0.00968 -0.00362 -0.00219 -0.00014
0.00072 0.03395 -0.21092 0.97284 -0.00005
-0.01457 0.89740 -0.40101 -0.11772 -0.00007
-0.00639 0.41346 0.88646 0.17737 0.00004
0.00014 0.00128 -0.00589 0.01278 -0.00146
-0.00354 -0.00824 -0.00723 -0.00263 -0.00102
-0.00214 -0.00486 0.00908 0.00320 0.00012
-0.00009 -0.00018 0.00099 -0.00220 0.00119
0.00170 -0.00143 0.00081 0.00031 0.00092
0.00071 -0.00041 -0.00198 -0.00097 0.00012
0 0.00007 0.00401 -0.00083 0.00206
-0.00012 0.00010 0.00430 -0.00265 0.00001
-0.00029 -0.01108 -0.00305 -0.00166 0.00001
0.00022 0.01178 -0.00186 -0.00338 0.00003
0.00028 0.00097 -0.00124 -0.00267 0.00005
0 0.00084 0.00392 0.00192 0.00558
-0.00049 -0.00035 0.00706 -0.00223 0.00015
-0.00374 -0.01636 -0.00099 -0.00265 0.00025
0.00297 0.01373 -0.00026 -0.00717 -0.00036
-0.00011 0.00040 -0.00490 0.00126 -0.00039
    
-0.00012 0.04594 0.00888 0.02553 -0.01202
-0.00005 -0.07260 -0.01393 -0.04060 0.01811
-0.00005 -0.01608 -0.00319 -0.01634 0.00904
0.00008 -0.00750 0.10795 -0.03503 0.00623
-0.00004 -0.05464 0.00856 0.02947 -0.00654
-0.00001 0.03157 -0.02238 -0.10472 0.01806
0.00130 -0.00034 0.00123 -0.00350 0.00059
-0.00106 0.00116 0.00101 -0.00272 0.00236
0.00039 0.00079 -0.00162 -0.00820 0.00185
-0.00100 -0.00051 -0.00161 0.00247 -0.00030
0.00103 -0.00261 -0.00133 -0.00339 0.00225
-0.00012 -0.00153 0.00119 0.00333 0.00021
0 -0.00003 -0.00856 -0.01104 0.03950
0.00002 -0.01110 0.02004 0.02272 -0.00574
-0.00003 -0.01716 0.00897 -0.00743 0.01408
-0.00001 0.01590 0.01996 -0.00456 -0.01019
-0.00003 0.00931 -0.03008 -0.00446 0.00064
0 0.00032 -0.00068 -0.00093 -0.00444
-0.00020 0.00309 -0.00236 -0.00219 0.00030
0.00039 0.00417 -0.00210 0.00352 -0.00083
-0.00038 -0.00438 -0.00461 -0.00247 0.00141
0.00003 0.00018 0.00042 -0.00114 0.00074
    
0.08593 -0.00274 -0.01168 0.00024 -0.01004
-0.11172 0.00388 0.01655 -0.00037 0.01182
-0.05137 0.00120 0.00321 0.00028 0.00607
-0.00700 0.03241 -0.01551 -0.00354 0.00352
0.20039 0.01225 0.02546 -0.00119 -0.00226
0.09909 -0.01177 -0.01115 0.00167 0.01306
-0.00108 0.00406 -0.00110 -0.00068 -0.00039
0.00284 0.00059 -0.00018 0.00019 0.00081
0.00147 -0.00100 -0.00247 -0.00019 -0.00066
-0.00027 -0.00262 0.00088 -0.00052 0.00095
-0.01622 -0.00052 -0.00152 0.00047 0.00013
-0.00644 0.00044 0.00033 -0.00025 -0.00044
0 -0.02724 -0.00400 0.00859 -0.00030
-0.00352 0.01193 0.00375 0.00164 -0.00396
0.08515 0.00761 0.00680 -0.00164 0.00944
-0.08719 0.00509 -0.01443 -0.00169 -0.00157
-0.00632 -0.01302 -0.00027 0.00375 0.00239
0 0.00045 0.00180 0.00045 0.00036
0.00203 -0.00168 -0.00070 0.00080 0.00039
-0.00527 -0.00130 -0.00172 0.00030 -0.00111
0.00292 -0.00072 0.00310 -0.00023 0.00124
-0.00066 -0.00083 0.00108 0.00028 -0.00052
    
-0.00118 -0.00110 0.03928 0.00138 0.01824
0.00139 0.00118 -0.04420 -0.00132 -0.02025
-0.00096 0.00076 -0.01557 -0.00092 -0.00302
0.01198 0.03393 -0.00010 0.03307 -0.00816
-0.01991 0.00590 -0.01563 0.00739 -0.01313
0.03715 -0.00753 -0.01003 -0.01238 0.01479
-0.00130 0.00001 0.00020 0.00084 -0.00025
-0.00001 -0.00029 0.00177 -0.00028 -0.00011
-0.00075 0.00016 0.00272 0.00122 -0.00081
0.00084 0.00251 -0.00092 -0.00089 0.00172
0.00083 0.00034 -0.00369 -0.00087 -0.00071
0.00266 0.00040 -0.00217 0.00027 -0.00317
0 -0.02135 -0.00951 0.00736 -0.00603
-0.01618 0.01399 0.00226 0.01244 -0.01183
0.00631 0.00853 -0.02389 0.00859 -0.01431
0.00880 0.01099 0.01792 0.01340 0.01146
0.00773 -0.01443 0.00029 -0.01819 0.00921
0 -0.00149 -0.00001 -0.00010 0.00119
0.00095 -0.00043 0.00075 -0.00103 0.00019
-0.00059 -0.00051 0.00237 -0.00038 -0.00005
-0.00057 -0.00086 -0.00233 -0.00001 0.00069
-0.00053 -0.00174 -0.00009 -0.00091 -0.00028
    
0.00769 -0.00886 -0.05339 0.00113 0.02006
-0.00838 0.00820 0.05321 -0.00113 -0.01997
-0.00123 0.00368 0.01677 -0.00095 -0.00613
0.03329 0.02218 0.01278 -0.05093 0.01059
0.00307 -0.01902 0.00282 -0.01158 -0.00322
-0.00729 0.05441 0.02627 0.01881 0.01835
0.00082 -0.00253 -0.00097 0.00218 -0.00165
0.00023 -0.00121 0.00217 0.00162 -0.00468
0.00049 -0.00421 -0.00189 -0.00420 -0.00529
-0.00506 -0.00100 -0.00092 0.00050 -0.00060
-0.00066 0.00292 0.00138 -0.00034 0.00256
-0.00133 0.00193 0.00168 0.00082 0.00342
0 -0.00892 -0.03756 -0.02719 0.02227
0.01576 -0.02988 -0.01705 -0.03460 -0.00729
0.00374 0.00539 0.04312 -0.02106 -0.01770
0.01789 0.01497 -0.02610 -0.02684 0.03363
-0.01308 0.00897 -0.00108 0.03582 0.00290
0 0.00151 -0.00207 -0.00008 0.00257
0.00112 -0.00189 -0.00363 -0.00364 0.00038
-0.00053 -0.00282 0.00086 -0.00145 -0.00568
-0.00016 0.00108 -0.00179 -0.00089 0.00605
-0.00076 -0.00118 -0.00106 0.00447 -0.00069
    
-0.00257 0.03255 -0.00010 0.05027 -0.08307
0.00241 -0.02951 -0.00018 -0.04559 0.07466
0.00020 -0.00599 0.00207 -0.01164 0.02408
0.02752 0.02172 -0.04827 0.01063 -0.01386
0.00678 -0.04501 -0.01423 -0.00705 0.03925
-0.00498 0.03445 0.02825 0.01434 -0.00422
-0.00209 -0.00496 0.00790 -0.00325 0.00251
-0.00152 0.01198 0.00285 -0.00840 -0.00317
0.00006 0.00342 -0.00661 -0.00902 -0.00386
0.00121 0.00002 0.00294 0.00081 -0.00017
0.00025 -0.00567 -0.00034 -0.00201 0.00376
0.00103 -0.00386 0.00242 -0.00071 0.00202
0 -0.01238 -0.04038 0.00483 0.00238
0.02230 -0.03586 -0.02949 -0.01151 0.01855
0.00863 0.00511 -0.03140 -0.06013 0.04753
0.01313 0.01929 -0.02944 0.06022 -0.05206
-0.00835 0.01440 0.04279 -0.00028 -0.00180
0 0.00007 -0.00361 -0.00121 0.00197
0.00124 -0.00350 0.00093 -0.00205 0.00255
-0.00115 0.00788 -0.00569 -0.01254 -0.00150
0.00111 -0.00568 -0.00346 0.00959 0.00192
0.00221 0.00104 0.00390 -0.00181 0.00152
    
-0.02145 -0.02225 -0.04878 -0.02176 0.02823
0.01937 0.02000 0.04356 0.01865 -0.02512
0.00686 0.01080 0.01889 0.00807 -0.01003
0.00502 0.08713 -0.05284 -0.03860 0.00534
0.01744 0.02870 0.02573 -0.00531 0.01750
-0.02430 -0.03582 -0.04251 0.03909 -0.02359
0.00295 -0.00290 0.00302 0.00655 -0.00480
0.00048 0.00112 0.00803 -0.00260 -0.01281
0.00482 0.00584 0.00678 -0.00670 -0.00419
0.00178 0.00573 -0.00095 0.00484 0.00314
0.00227 0.00176 0.00529 -0.00050 -0.00055
-0.00154 0.00161 -0.00047 0.00669 0.00162
0 0.01632 -0.06556 0.06164 -0.02873
0.00687 0.10716 0.01613 -0.05068 0.02902
0.02937 0.05618 0.00322 -0.02288 -0.07640
-0.01079 0.04345 -0.11035 -0.01693 0.01323
-0.04214 -0.07761 -0.00810 0.01796 -0.02860
0 0.00150 -0.01450 0.00171 -0.00915
-0.00348 0.01617 0.00103 -0.00168 0.00104
0.00452 0.00564 -0.00218 -0.00795 -0.02052
-0.00030 0.00597 -0.01748 0.00198 -0.00148
-0.00931 0.00025 -0.00616 -0.00487 -0.00731
    
-0.02638 -0.05105 0.00420 0.00595 0.01127
0.02214 0.04337 -0.00318 -0.00515 -0.00978
0.00225 0.00394 -0.00425 0.00036 0.00766
0.02032 0.02284 -0.00444 0.00238 0.00944
0.01821 -0.02056 -0.00680 -0.00017 0.01180
0.00400 0.06564 0.00141 -0.00417 -0.01208
-0.00465 -0.00307 -0.00019 -0.00125 0.01375
-0.01399 0.00630 0.00223 -0.00044 -0.00696
0.00047 -0.00577 0.00044 -0.00017 0.00021
-0.00227 0.00100 0.00505 0.00170 0.00170
-0.00064 0.00317 -0.00053 0.00305 -0.00024
0.00868 -0.00679 0.00146 -0.00343 0.00493
0 -0.03275 -0.07785 -0.00582 0.01073
-0.02587 -0.05087 -0.00344 0.01046 0.07023
-0.01767 0.07749 0.01225 -0.01448 -0.03362
0.00768 0.01902 0.00993 -0.01097 0.03023
-0.00196 0.02693 0.01098 -0.01804 -0.05483
0 -0.00608 -0.00569 -0.00239 0.00321
-0.01264 -0.00145 0.00152 0.00205 0.01814
-0.00978 0.01746 0.00618 -0.00626 -0.01253
0.00389 0.00283 0.00375 -0.00480 0.00636
0.00240 0.00510 0.00253 -0.00570 -0.00928
    
-0.04419 0.04662 0.00942 0.01745 -0.00379
0.03563 -0.03835 -0.00832 -0.01346 0.00412
0.01514 -0.01018 0.00565 -0.00929 -0.00035
0.04224 -0.02015 0.02091 0.04126 -0.02590
-0.00567 -0.02225 -0.02628 -0.01521 -0.01345
0.05433 0.00367 0.04448 0.00382 0.01977
-0.01799 0.00907 -0.00767 0.00194 0.01086
-0.00282 -0.01140 0.00908 0.01290 0.01149
0.00347 0.01026 -0.02056 -0.00521 0.00795
-0.00075 -0.00213 0.00238 0.00115 0.00827
0.00481 -0.00200 0.00468 -0.00239 -0.00301
0.00399 0.00056 -0.00523 -0.00340 0.00479
0 -0.10319 -0.02706 -0.01622 -0.03163
-0.10796 -0.04469 -0.01977 0.03440 -0.01377
0.06576 -0.03203 -0.02466 0.02936 0.00206
-0.00208 0.07631 0.00146 0.04339 -0.03823
0.02354 0.06793 -0.02439 -0.05897 0.03147
0 -0.00807 -0.00910 0.00687 -0.00155
-0.02842 -0.00590 0.00063 0.00731 0.00945
0.00526 0.00693 -0.01228 0.00588 -0.00221
0.00267 0.01997 -0.01388 0.00165 -0.00620
0.00480 0.01663 -0.01372 -0.00881 0.00137
    
0.00701 -0.00415 0.00183 -0.00962 -0.01500
-0.00603 0.00300 -0.00105 0.00765 0.01151
0.00222 0.00489 0.00028 -0.00544 0.01825
0.00885 -0.01453 -0.02912 -0.00310 -0.00573
-0.01038 -0.00214 -0.00196 0.00155 0.01156
0.01078 0.02152 -0.00849 0.00907 0.00914
-0.00411 0.01030 0.01600 0.00336 -0.00340
0.00784 -0.00880 0.00812 -0.01078 -0.00834
-0.00570 -0.01719 0.01425 -0.01223 0.00116
0.00847 0.00560 0.00262 0.00129 0.00221
0.00071 0.00302 -0.00213 -0.00392 0.00174
-0.00352 0.00113 0.00144 -0.00355 0.00447
0 -0.00568 0.02119 -0.01468 0.01931
-0.00163 -0.03134 -0.04972 -0.00138 -0.00449
-0.03387 -0.00710 -0.00251 0.01773 -0.04845
-0.02665 0.03088 -0.02832 0.02393 -0.05307
-0.04304 -0.03593 -0.04530 -0.00142 0.01279
0 0.00404 0.00907 -0.00978 0.00584
-0.00001 -0.00636 -0.01414 -0.00005 0.00439
-0.01259 -0.00591 0.00112 0.00545 -0.02284
-0.01433 0.01204 -0.00637 0.00870 -0.00959
-0.01470 -0.01658 -0.01905 -0.00240 -0.00028
    
0.00835 0.03116 0.01555 -0.01073 -0.02108
-0.00679 -0.02539 -0.01198 0.00761 0.01518
-0.01173 -0.01731 -0.00257 0.00372 0.01810
-0.03633 0.01147 -0.01144 0.03616 0.01775
-0.00980 -0.03217 0.00788 -0.00770 0.02633
-0.00198 0.01082 -0.01751 0.01377 -0.05053
-0.00183 0.01500 -0.00492 -0.04004 -0.02275
-0.01498 -0.00069 -0.00304 0.00582 -0.03531
0.01949 0.00042 0.02838 -0.03237 0.02304
-0.00530 0.00101 0.00033 0.00843 0.00058
0.00133 -0.00342 -0.00087 0.00094 0.00804
-0.00595 0.00418 0.00026 0.00106 -0.00373
0 -0.02993 -0.07993 -0.05492 0.12798
-0.02528 -0.01034 -0.01641 0.03152 -0.03697
-0.03000 -0.07826 -0.04292 -0.02512 -0.04163
0.00270 0.03111 -0.05589 -0.03836 0.02897
0.14653 -0.06625 0.06433 0.01356 0.07662
0 -0.01304 -0.01789 -0.01994 0.04189
0.00557 0.00171 -0.00306 0.00045 -0.02854
0.00660 -0.01447 -0.01345 -0.01123 -0.00412
0.00537 -0.01285 -0.00796 -0.02061 0.01300
0.03602 -0.02120 0.01857 0.00073 0.03203
    
-0.03382 0.03551 0.06988 0.06043 0.14422
0.02560 -0.02677 -0.05403 -0.04712 -0.11030
0.00316 0.00043 -0.03145 -0.02616 -0.06349
-0.02584 -0.01921 0.02492 -0.00174 -0.00632
-0.01693 0.02263 0.03114 0.04158 0.08601
-0.00473 -0.01499 0.02070 0.00017 0.05452
0.00284 0.00533 -0.04053 0.02496 -0.00747
-0.02979 0.02977 0.02614 0.01225 0.05231
-0.01974 0.02393 0.03091 0.04486 0.00028
0.00311 -0.00001 0.00280 -0.00041 0.00085
0.00211 -0.00214 0.00009 0.00279 0.00396
-0.00118 -0.00070 0.00363 0.00140 0.00855
0 0.14094 -0.03284 -0.12147 -0.15444
-0.09182 -0.09711 0.02073 -0.13392 0.03482
-0.00464 0.05539 -0.00161 0.04055 0.33110
0.14811 -0.09818 -0.20755 -0.09681 -0.14611
-0.08049 -0.13329 0.11888 -0.18918 0.02550
0 0.03557 -0.01238 -0.02315 -0.03073
-0.03052 -0.03424 0.01676 -0.04838 0.01124
0.01098 0.01103 -0.01925 -0.00573 0.06375
0.04140 -0.01715 -0.05233 -0.01817 0.00091
-0.03035 -0.03990 0.02920 -0.04951 0.01125
    
0.02684 0.01266 0.02927 0.04615 -0.05022
-0.02046 -0.00956 -0.02144 -0.03398 0.03580
-0.00244 -0.00501 -0.01536 -0.02295 -0.01825
0.00636 -0.03748 -0.04015 -0.00606 -0.04710
-0.02716 -0.00175 -0.00111 -0.03271 0.08704
-0.00064 0.02072 -0.01687 0.02253 0.06594
-0.00788 0.04274 0.02406 0.02094 0.05495
0.02809 0.00530 -0.00528 0.03109 -0.06719
-0.01187 -0.01002 0.03561 -0.01522 -0.04639
-0.00086 -0.00970 -0.00806 -0.00177 -0.00638
0.00413 0.00160 -0.00010 -0.00983 0.01182
0.00714 0.00175 -0.00835 0.00387 0.01352
0 0.11223 0.02021 -0.01520 -0.03002
0.03705 -0.04256 -0.05824 0.09497 0.09633
0.06403 0.06174 0.05415 0.00050 0.04452
0.04370 0.04493 0.05751 0.01838 -0.01017
0.03133 -0.13586 0.05819 0.00887 -0.00229
0 0.02622 0.00742 -0.01607 -0.00831
0.00779 -0.00540 -0.01264 0.04216 0.05463
0.03178 0.01751 0.03018 0.00792 -0.03245
0.00122 0.01795 0.02623 -0.00755 0.05303
0.00992 -0.03996 0.01404 -0.00271 -0.00424
    
0.01420 0.04202 0.03977 0.03272 0.03334
-0.01048 -0.03159 -0.02990 -0.02669 -0.02790
0.03113 -0.04628 -0.03301 -0.05570 -0.08408
-0.05466 -0.07003 0.03788 0.00289 0.01146
-0.06141 0.02790 0.04822 0.03194 0.04434
-0.01540 -0.04040 -0.08042 0.02880 0.02787
0.05183 0.01090 -0.01824 -0.00455 -0.01412
0.05887 0.00250 -0.00667 0.00569 -0.00506
0.01359 -0.00016 0.03472 0.00328 0.00143
-0.00062 -0.00105 -0.00523 0.00156 0.00038
-0.00329 0.00238 0.00382 -0.00405 -0.01221
-0.00276 -0.00021 -0.00540 -0.00915 -0.01150
0 -0.06813 0.06465 -0.03371 -0.00745
0.12369 0.02225 0.08408 -0.01739 -0.03793
0.02397 -0.09690 -0.01571 -0.00570 -0.01630
0.05723 -0.10637 -0.00478 0.00594 -0.00680
-0.01159 -0.09688 0.02022 0.00481 0.00462
0 -0.04002 -0.00677 -0.02112 0.00521
0.05499 0.01019 -0.01698 -0.00264 -0.01251
0.03846 -0.01418 0.00360 -0.01809 -0.03666
0.00622 -0.00867 0.00837 0.01388 0.01954
-0.01077 -0.02716 0.02206 -0.00034 0.00164
    
-0.00762 -0.01445 0.04706 0.01443 -0.01057
0.00629 0.01005 -0.03348 -0.00931 0.00607
0.01232 0.00830 -0.05158 0.03076 -0.00389
0.00061 0.04659 -0.00961 -0.01580 -0.05667
-0.00660 -0.01814 -0.01129 0.03046 -0.00994
-0.00488 0.03542 0.02282 -0.05981 0.01147
0.00064 -0.01168 0.02005 0.07261 0.09553
-0.00124 0.02335 -0.00748 -0.02251 0.03112
-0.00149 -0.03904 -0.01068 0.10308 -0.04619
0.00457 -0.00253 0.00048 0.02458 -0.00994
0.00003 -0.00260 -0.00202 0.00795 -0.00145
0.00236 -0.00152 0.00127 0.00295 -0.01857
0 -0.00057 0.03473 -0.07783 -0.12146
-0.00084 0.14269 0.06601 -0.15784 0.71536
0.00269 -0.06492 -0.01001 0.46916 0.00936
-0.00107 -0.08518 0.06372 0.49739 0.06585
-0.00137 -0.14682 -0.01249 0.36746 0.12968
0 -0.00046 0.03647 -0.01646 -0.02827
-0.00303 0.04194 0.03308 -0.05036 0.16934
0.00341 -0.03384 0.00763 0.10684 0.00615
-0.00451 -0.04510 0.00750 0.12241 0.02001
-0.00213 -0.03687 -0.01205 0.10613 0.03583
    
-0.00253 -0.02786 -0.01653 0.00348 -0.12426
0.00164 0.01751 0.01044 -0.00201 0.07783
0.00068 -0.00533 0.00622 0.01024 0.10890
0.06233 0.02075 -0.00664 0.00246 -0.00352
0.01134 -0.04585 0.00111 0.00280 -0.15390
-0.00806 0.06001 -0.01353 0.00260 -0.10359
0.07702 0.03207 -0.01160 0.01787 -0.02390
0.00607 -0.01415 0.00929 0.00252 0.21969
-0.02438 0.07363 -0.00692 -0.02450 0.14566
0.04952 0.01531 0.00261 -0.03144 0.04934
0.01327 -0.06502 0.01294 -0.00509 -0.24691
-0.01287 0.03512 -0.01366 0.04904 -0.22175
0 0.07268 0.66299 -0.08661 0.01406
-0.03624 0.32871 -0.00891 0.01601 -0.05521
-0.26929 0.30074 0.02123 0.00211 0.43741
-0.32906 -0.02009 0.00005 0.01321 -0.41485
0.69093 0.06969 -0.02723 0.02668 -0.06138
0 0.05245 0.21570 -0.03056 0.00224
-0.05196 0.12161 -0.01092 -0.00567 -0.02341
-0.08346 0.06160 0.01543 -0.00974 0.19165
-0.10627 -0.04365 0.00218 -0.00299 -0.17217
0.20324 -0.00484 -0.00514 0.00049 -0.01530
    
0.04456 -0.05101 -0.02112 -0.00153 -0.09515
-0.02326 0.02706 0.01054 0.00013 0.04793
0.11250 0.03529 0.00704 -0.01764 -0.14695
0.00903 0.02763 -0.03219 -0.00910 0.00319
0.08681 -0.07221 -0.00485 0.01228 -0.03317
0.01363 -0.03686 0.01068 0.01040 -0.01006
0.03170 -0.00216 0.02000 -0.44497 0.00911
-0.04440 0.09130 -0.00751 -0.02913 -0.35151
-0.17427 -0.23162 -0.25416 -0.06408 -0.02266
-0.06690 0.01875 -0.23000 1.32081 -0.00151
0.08884 -0.14287 0.02197 0.01843 1.24518
0.42365 0.83436 0.74018 0.16596 0.10011
0 -0.07952 -0.08771 0.04194 0.03218
-0.03097 -0.07971 0.16593 0.00651 -0.01503
-0.17853 0.13501 0.00341 -0.04891 0.09827
0.24109 -0.22503 -0.00594 0.01216 -0.06371
0.03416 0.08302 -0.14817 -0.06183 0.00554
0 -0.01592 -0.03803 -0.04064 -0.04093
-0.03966 -0.05298 0.01533 0.03335 0.01451
-0.09891 0.07244 0.01191 0.01021 0.06085
0.09873 -0.09447 0.01151 0.05704 -0.06738
0.04339 0.03842 -0.02949 -0.05828 -0.01476
    
0.15643 -0.03564 0.00501 0.02605 -0.05102
-0.08299 0.02141 -0.00253 -0.01432 0.02487
1.09368 -0.19075 0.03717 0.32603 -0.34308
0.00331 -0.00279 0.01791 -0.00168 -0.00457
-0.06435 0.02495 0.00189 -0.00087 0.01872
-0.02130 -0.00724 -0.00050 0.00652 -0.02068
-0.02249 -0.01561 -0.03272 0.00515 -0.03312
0.03471 -0.04753 0.02319 -0.02155 -0.10717
0.05006 -0.00926 -0.05126 -0.05778 0.39496
0.02890 0.01582 -0.06965 0.00632 0.09468
0.26829 -0.29445 -0.04518 0.24182 0.04058
-0.10446 -0.01399 0.05356 0.11685 -0.46499
0 -0.01354 -0.00026 0.02823 -0.00334
0.03574 -0.00534 -0.02719 0.00152 0.03428
0.11085 0.01520 0.00029 -0.04013 -0.00481
-0.09966 0.01510 -0.00098 0.01793 0.00666
-0.01680 0.02815 -0.00021 -0.00731 -0.03494
0 0.00493 -0.01915 -0.01067 0.00937
0.02360 -0.01494 -0.01372 0.00677 -0.01371
0.00753 0.01221 -0.01000 -0.01710 0.01581
-0.01138 -0.00370 -0.01091 0.03160 0.01926
-0.01209 -0.00356 0.01434 -0.00025 -0.00452
    
-0.05280 -0.03190 -0.01266 0.08153 0.01865
0.02400 0.01812 0.00854 -0.04122 -0.01016
-0.34461 -0.05993 0.01484 0.24442 0.12140
0.00399 -0.01167 -0.00742 -0.03227 0.04122
0.01166 0.00665 -0.00043 -0.03116 0.00873
0.00207 0.01672 0.01765 -0.00436 -0.01141
-0.07270 0.14202 0.20055 0.42100 -0.72191
0.03605 -0.05706 -0.02052 0.12483 -0.05787
0.17605 -0.16406 -0.33713 -0.05845 0.18476
0.00105 0.00103 -0.18352 -0.26809 0.45922
0.01606 -0.11372 -0.04112 0.02056 -0.07004
-0.30654 0.04879 0.24771 0.32215 -0.06931
0 0.01574 0.00162 0.00596 0.03594
-0.00390 -0.04323 -0.01622 -0.03014 0.06474
-0.05265 0.01383 -0.00783 0.00466 -0.01460
0.01794 -0.00778 -0.02860 -0.00830 0.01583
-0.00469 -0.03136 -0.00922 0.00666 -0.01846
0 0.03526 -0.01256 -0.01872 -0.02413
0.02600 0.02494 -0.02577 -0.01377 0.02187
-0.00593 0.01653 0.01749 -0.01464 -0.00113
0.03406 -0.02216 -0.02245 -0.02410 0.02439
0.00472 0.01910 0.02630 0.01196 -0.04715
    
-0.06975 -0.08078 0.00573 0.05470 -0.01309
0.03325 0.03229 -0.00420 -0.02095 0.00611
-0.35314 -0.08544 0.08547 0.17391 0.02921
0.03760 -0.01081 0.03169 0.02411 -0.00123
-0.01319 0.00823 0.00455 -0.01905 -0.00361
0.06643 0.05432 -0.00694 0.01494 0.00577
-0.51260 0.17579 -0.03349 -0.44166 -0.08666
0.42800 0.15735 -0.23442 0.25200 -0.25835
-0.54512 -0.30589 0.14782 -0.33531 -0.55708
0.31750 -0.10861 0.07200 0.35123 0.05483
-0.37460 -0.28970 0.16283 0.04959 0.40104
0.19318 -0.06171 0.05656 0.07332 0.55818
0 -0.03358 0.01040 0.03505 -0.05730
0.01939 -0.01195 -0.01471 -0.04183 -0.03364
-0.02277 -0.05495 -0.02530 0.02931 0.04985
0.07625 0.03484 -0.03622 0.03865 -0.03368
0.00719 -0.01084 0.04320 0.03550 0.02302
0 -0.02096 0.02563 -0.00094 0.01910
-0.01071 0.00188 0.00228 0.01365 -0.02570
-0.00247 -0.02806 0.01575 -0.03354 0.05187
0.01427 0.00610 -0.01825 0.03429 -0.02903
-0.02045 0.02322 -0.02279 -0.00480 -0.01051
    
0.08850 -0.09749 -0.01322 -0.03069 -0.04143
-0.03828 0.04495 0.00677 0.01361 0.01595
0.23747 -0.28480 0.04359 -0.07517 -0.11967
-0.00697 -0.02388 0.00190 0.01304 -0.00235
-0.04116 0.02520 0.00537 0.00579 0.00347
0.00400 0.02425 0.02338 0.00632 0.00366
0.37224 0.52054 0.06229 0.04078 0.33184
0.34382 0.07648 0.04408 -0.03933 0.20465
-0.25254 -0.16469 -0.69638 0.28028 0.01226
-0.13473 -0.12185 -0.11777 -0.44374 -0.29147
0.15253 -0.19177 -0.01171 0.04869 -0.13133
0.18888 -0.09522 0.33073 -0.24808 -0.02790
0 -0.01046 0.01299 -0.02842 0.02362
-0.03849 -0.02191 -0.05553 0.04568 -0.01941
0.00394 -0.04333 0.02916 -0.02469 -0.03029
-0.03820 0.02798 0.01337 0.02034 0.00102
0.00578 0.05301 0.02937 -0.01021 0.00402
0 0.02979 0.04004 -0.03122 0.00572
-0.04145 -0.04119 -0.04406 -0.03373 -0.01890
-0.03222 -0.04187 0.00361 -0.01472 -0.02995
0.01789 -0.01349 0.00521 -0.01413 -0.02218
0.03746 -0.02747 0.03301 -0.00491 0.05529
    
0.02150 -0.06899 -0.05387 0.00989 -0.03883
-0.01123 0.02753 0.01938 -0.01063 0.01843
0.16827 -0.33348 -0.34428 -0.08060 -0.16517
0.01278 -0.02292 -0.01087 0.00959 0.04516
0.00108 -0.00016 -0.00138 -0.02273 0.01057
-0.02735 -0.00947 -0.00009 -0.01006 -0.00346
-0.45351 0.61481 -0.14862 -0.17820 -0.74110
-0.09580 0.48582 0.09189 0.87378 0.16576
0.40944 0.25676 -0.04990 -0.26424 -0.02367
0.30080 -0.21884 0.39082 0.18637 0.08956
0.24912 -0.18992 -0.09129 -0.39629 -0.06906
-0.01134 -0.13844 0.11189 0.13410 0.14414
0 -0.00798 0.06243 0.00456 -0.02143
0.04391 -0.01620 0.00866 -0.06182 0.06718
-0.01338 -0.06870 0.04190 0.03160 -0.01743
-0.00064 0.00914 -0.00136 0.09723 0.09661
-0.03364 0.01341 0.02211 0.03505 0.00334
0 -0.03161 0.01265 -0.04075 -0.04434
0.03018 -0.03093 0.02330 -0.02458 -0.03330
-0.00229 -0.06799 0.04423 -0.05899 -0.05412
0.03056 0.05663 -0.01028 0.01234 0.07291
-0.02458 -0.00093 -0.03744 0.04624 -0.03504
    
-0.03809 0.08906 -0.04867 0.00230 0.06564
0.01871 -0.04169 0.01584 -0.00617 -0.02540
0.01328 0.25940 -0.20187 -0.27346 0.17984
-0.00683 -0.02079 -0.01656 0.03727 -0.00350
0.01820 -0.05418 0.01348 -0.01341 -0.01349
-0.00414 -0.01426 -0.04236 -0.01717 -0.01405
0.06415 0.03190 0.34421 -0.29364 0.61995
-0.34129 1.00972 0.31219 0.12886 0.52747
0.36463 0.62293 0.21684 0.27377 -0.19170
-0.00386 0.09187 -0.25400 0.02724 0.00991
0.13776 -0.34337 -0.21654 -0.07623 -0.16918
0.10160 0.06008 0.18715 0.02641 0.04872
0 0.04139 0.00426 -0.01402 0.00870
0.04492 0.00713 -0.02970 -0.00727 -0.07239
-0.03369 -0.10133 -0.01754 0.04582 -0.04473
-0.00256 0.03831 0.00193 -0.05993 -0.01316
-0.04744 -0.03053 0.03364 -0.03155 0.03013
0 0.04676 0.06025 0.06307 -0.00605
0.02730 0.06765 -0.02299 0.01245 -0.08875
0.01426 -0.07796 -0.01419 -0.00630 -0.06617
0.02252 0.13682 0.04404 -0.02867 0.00133
-0.00597 0.01245 0.04347 0.00790 0.03602
    
-0.09821 0.09914 0.07808 -0.00047 -0.03602
0.03632 -0.04364 -0.03110 0.00154 0.01547
-0.12862 0.35636 0.52593 -0.08775 -0.39459
0.01978 0.01135 0.02724 0.00857 -0.00029
0.04324 -0.04954 -0.03079 0.00421 0.00747
-0.01870 -0.02240 -0.01034 -0.00029 0.02216
-0.31952 -0.54926 0.20812 0.52156 -0.09851
-0.62234 1.09601 0.21722 -0.12769 -0.38547
-0.02088 0.47441 1.12986 0.14388 -0.05983
0.21284 0.04032 -0.01619 -0.19170 0.00815
0.11145 -0.29003 0.06163 -0.00195 -0.01933
-0.00807 -0.27170 -0.29111 -0.05618 -0.06320
0 0.01184 -0.00029 0.07005 0.04909
-0.04540 0.00105 0.04109 -0.01504 0.04039
-0.01446 -0.01325 -0.06793 -0.00894 0.02543
-0.00990 0.03964 0.00677 -0.04497 -0.03176
-0.04120 0.01241 -0.03241 -0.01667 -0.03301
0 -0.06465 -0.01920 0.11041 0.04859
0.02379 0.03226 0.08844 -0.00429 0.01089
0.04463 -0.09185 -0.16027 -0.03485 0.04894
-0.06044 0.16630 -0.01458 -0.05919 -0.00035
0.03573 -0.03482 -0.00248 0.05203 0.00111
    
0.01727 0.02296 0.01144 0.07554 0.00955
-0.00574 -0.01005 -0.00437 -0.02932 -0.00284
0.09242 -0.10302 0.08489 0.40186 0.12761
-0.01240 0.01875 0.02606 0.00575 -0.04714
-0.00431 -0.02000 0.00575 -0.02325 -0.01762
-0.00880 -0.00121 -0.01026 -0.00186 0.02024
0.18517 -0.07952 0.72890 -0.04274 -0.37829
-0.27009 0.28688 0.04466 0.16468 0.02424
0.62602 0.10636 -0.07933 -0.13353 0.11473
0.14694 -0.08249 -0.12612 -0.00426 0.09300
0.09798 -0.13334 0.01777 0.09256 0.03167
-0.12266 -0.01388 -0.01995 0.06005 0.01603
0 0.02719 0.01549 0.04929 -0.00878
0.03955 0.02423 -0.07829 0.01278 -0.06243
-0.04401 -0.00681 -0.02054 0.02951 0.02579
-0.00758 0.04526 -0.02627 0.04759 0.06144
0.00219 -0.00440 0.02135 0.02328 -0.02518
0 0.05459 0.01792 0.06512 0.04550
0.06006 -0.01365 0.00726 -0.01270 0.22996
-0.01398 -0.00866 -0.04862 -0.07927 0.00681
-0.02527 -0.02332 -0.05431 -0.03537 0.05357
-0.05950 0.00352 0.00246 -0.01361 -0.06930
    
0.05097 0.03034 0.00904 0.02474 -0.06157
-0.00915 -0.01147 -0.00289 -0.00641 0.01876
0.68608 -0.00214 0.00231 0.03426 -0.09376
-0.00788 0.02306 -0.02819 0.01396 0.00361
0.00370 0.00547 0.00279 0.00933 0.01473
-0.03798 0.01265 0.02132 -0.00102 0.00223
-0.09888 0.06360 0.03440 0.08908 0.04250
0.55054 0.14018 -0.07296 0.03891 -0.08285
-0.17577 -0.09682 0.09469 -0.02556 -0.13437
0.00210 0.00788 -0.06405 -0.04622 -0.00914
0.07719 -0.02175 0.06794 0.03193 0.00149
0.15237 0.08707 -0.00181 0.04773 0.05713
0 0.00356 -0.05974 -0.06214 0.02537
-0.00890 0.01037 0.01441 -0.01660 0.01386
-0.07226 0.00447 0.01592 0.04454 0.01401
0.06135 -0.07934 -0.05310 -0.01232 -0.01930
0.02534 -0.06582 0.04566 -0.01974 -0.00337
0 -0.02685 0.18041 0.11069 -0.04515
-0.09866 -0.03676 0.06792 -0.02383 -0.07956
-0.07180 -0.04973 -0.01979 -0.14881 -0.01145
0.13509 0.13143 0.16684 -0.02396 0.02416
0.05024 0.19412 -0.14817 0.03236 0.01833
    
-0.05325 0.02337 -0.00844 0.00951 0.05042
0.01490 -0.00790 -0.00173 -0.00715 -0.02253
0.00317 -0.03448 0.12654 0.22359 -0.07210
-0.01946 -0.02880 0.00550 0.13313 0.00068
0.00200 0.01711 -0.03998 0.00739 -0.12606
-0.00408 -0.04621 0.10172 -0.01783 -0.02436
-0.31056 -0.45614 0.17686 0.95256 0.06865
-0.21675 0.30438 -0.18558 0.25185 -0.47511
0.14173 -0.47950 0.73412 -0.06411 0.11012
0.04923 0.09992 -0.09642 -0.15957 -0.00081
0.08053 -0.07484 0.06519 -0.02105 0.18892
-0.10333 0.09137 -0.17594 0.05471 -0.05088
0 0.18715 0.07745 -0.22627 -0.17685
-0.17641 -0.03544 -0.23586 0.13784 -0.05137
0.08695 -0.17707 -0.00745 0.09274 -0.23275
0.08687 -0.18941 0.00432 0.15093 0.22002
-0.05205 -0.22422 0.04242 -0.21475 0.03050
0 -0.57759 -0.34958 0.94778 0.74419
0.52586 0.00434 0.97353 -0.60769 0.17413
-0.20221 0.49090 -0.04948 -0.46550 0.97246
-0.28616 0.62245 -0.02768 -0.69408 -0.96796
0.13416 0.66469 -0.24942 0.92621 -0.14172
    
0.02484 0.01264 0.02397 0.00644 0.03743
-0.01504 -0.00194 -0.01993 -0.00392 -0.01404
0.15719 0.31433 0.11421 -0.02038 -0.08849
0.00873 -0.03565 -0.00438 0.00479 0.01889
-0.05208 -0.02830 -0.03033 -0.02944 -0.03455
-0.06963 -0.01204 -0.00491 0.01637 -0.01946
0.15736 -0.38133 -0.18731 -0.02384 0.14184
0.17099 0.23156 0.12760 -0.07688 -0.14512
-0.29244 -0.15143 0.20350 0.03629 0.02457
-0.09341 0.10010 0.10484 0.03920 0.03747
-0.01073 -0.05591 -0.00578 -0.00438 0.04795
0.06850 0.17217 -0.06483 0.08905 0.03806
0 0.08917 0.01412 0.03463 0.04249
0.08679 -0.04724 0.01829 -0.08548 0.06786
-0.12132 -0.11701 0.04903 0.04423 -0.08906
0.09175 -0.00574 0.03618 0.10136 0.02870
0.01762 -0.00905 0.07224 -0.06926 0.05800
0 -0.37331 -0.12879 -0.09270 -0.10272
-0.36026 0.15760 0.02981 0.22877 -0.16885
0.48908 0.37977 -0.11088 -0.02572 0.33957
-0.35763 0.08109 -0.03134 -0.33172 -0.28482
0.00917 -0.03662 -0.25324 0.17973 -0.14529
    
-0.10590 -0.06085 0.01480 0.10042 0.02956
0.02817 0.01363 -0.00039 -0.02393 -0.00991
0.20572 0.11632 0.05922 -0.19978 -0.02497
-0.00171 -0.02566 0.01841 0.02414 0.00112
0.06083 0.03000 0.00929 0.00928 0.02470
0.02004 0.00970 -0.02732 0.01624 -0.00054
-0.02612 -0.03518 0.34817 0.17095 0.13253
0.24838 0.22904 0.05742 -0.11060 0.14455
-0.07219 -0.07820 -0.15517 0.10524 0.10298
0.05335 -0.04602 -0.13041 -0.03081 -0.06343
-0.08978 -0.11734 0.00392 0.08464 -0.11901
-0.08310 0.08636 0.07096 -0.04424 -0.03888
0 -0.02212 0.00183 0.00738 -0.00579
-0.00436 -0.02473 0.03696 -0.05109 0.03207
0.07102 0.01428 -0.04230 0.05126 0.09045
-0.08019 -0.07918 -0.02268 -0.01767 -0.00079
-0.00491 -0.00355 0.00289 -0.06067 0.05060
0 0.05301 -0.02482 0.03453 0.10511
-0.04316 0.07542 -0.21524 0.15477 -0.15879
-0.36954 -0.18698 0.10702 -0.19182 -0.37154
0.41511 0.37379 -0.03337 -0.01551 0.06744
0.04676 0.02425 0.06782 0.17685 -0.08707
    
-0.02987 -0.03706 -0.14541 -0.16349 -0.13156
0.01017 0.01113 0.03154 0.02830 0.03057
0.06189 -0.02306 -0.01940 0.01395 0.03415
0.01944 0.01384 0.00171 0.02766 0.00362
-0.04615 0.01188 -0.01382 -0.02755 0.01548
-0.01171 -0.04112 0.00137 0.00311 -0.00287
0.11436 0.05775 0.06575 0.02582 0.05479
-0.06383 0.06280 -0.11097 -0.01546 0.00824
0.06838 -0.17244 0.01839 0.08252 -0.05111
-0.10031 0.19941 -0.11370 0.06411 0.04812
0.02497 -0.02204 0.01765 -0.10151 -0.03781
-0.03906 0.03380 -0.02332 0.02196 -0.00465
0 0.02141 0.05447 0.01455 -0.01667
-0.05725 0.04991 -0.01388 -0.00592 0.05309
-0.04036 -0.01561 -0.01923 -0.03043 -0.01446
0.11405 0.00887 0.04076 0.05773 -0.03145
-0.03870 -0.02364 -0.00402 -0.02400 0.02141
0 0.00057 -0.20357 -0.05887 0.07983
0.16697 -0.23386 0.06443 0.01789 -0.17862
0.11520 0.03008 0.07378 0.17430 0.06430
-0.40554 -0.02489 -0.18103 -0.26656 0.06402
0.14306 0.11234 0.01549 0.05143 -0.04291
    
-0.19433 0.15069 0.02385 0.03773 0.00087
0.05060 -0.04253 -0.00831 -0.02866 0.00342
0.03837 -0.14494 0.03908 0.21942 0.01556
-0.01227 0.01788 -0.01344 -0.02669 0.02155
-0.00887 -0.01830 -0.01764 -0.01849 0.00488
0.00051 0.00370 -0.01147 -0.01406 -0.02806
0.05711 0.13159 -0.34157 -0.16584 0.36190
-0.15328 -0.07074 -0.00153 0.26148 0.09900
0.03500 0.15674 0.06735 -0.24159 -0.19008
-0.13211 -0.06647 0.09128 0.00663 -0.20730
0.04236 -0.05640 0.04037 -0.12689 -0.02444
0.05246 0.01638 -0.04626 0.08515 0.03899
0 0.02727 -0.07335 -0.02874 0.05726
0.01293 -0.01376 0.05560 0.00612 0.10095
-0.01152 -0.06583 -0.07109 -0.03369 0.03018
0.04343 -0.03546 -0.02764 -0.03479 0.05098
0.02455 -0.06259 0.05054 0.01713 -0.00424
0 -0.09848 0.29544 0.00402 -0.29413
0.02833 0.10927 -0.08302 -0.02701 -0.38642
0.05316 0.28004 0.32762 0.12572 -0.10100
-0.16999 -0.02943 0.13655 0.14021 -0.15925
-0.11012 0.20169 -0.24620 -0.07417 0.13900
    
-0.08251 0.03424 0.10943 -0.11778 -0.21268
0.01326 -0.00311 -0.03689 0.02613 0.06555
0.34144 -0.19409 -0.14451 0.39501 0.16446
0.02321 0.00534 -0.01488 0.00064 0.00290
-0.03440 -0.00564 -0.02790 -0.02577 -0.01582
-0.01000 0.00695 -0.01030 -0.01523 -0.01681
-0.04371 -0.25482 0.06368 0.05135 0.00257
0.20388 -0.10418 -0.02140 0.07992 -0.16730
0.27202 -0.06963 0.15682 0.35668 0.04996
0.08679 0.05481 -0.02481 -0.08621 -0.01462
-0.02981 -0.00729 -0.07895 0.09065 0.09542
-0.01247 -0.01273 -0.03056 -0.06605 0.02002
0 -0.02540 0.04484 0.01590 -0.06108
-0.03416 -0.01598 -0.03460 -0.05156 0.00641
-0.02702 0.02148 -0.04238 -0.09232 -0.05652
0.06582 0.01577 -0.00329 -0.00667 0.04187
-0.01314 0.00553 -0.00220 -0.01627 -0.00741
0 0.14757 -0.21259 -0.00549 0.31734
0.14243 0.08682 0.15307 0.18087 -0.00028
0.04270 -0.00589 0.14070 0.30046 0.18873
-0.15607 -0.03090 -0.08683 -0.03550 -0.16160
0.05729 -0.06891 -0.02995 0.04440 -0.00172
    
0.08424 0.10099 -0.00476 0.04338 -0.22252
-0.03341 -0.03152 -0.00984 -0.02202 0.08019
-0.13034 -0.12481 0.21698 0.25616 0.09449
0.00400 -0.00533 0.01233 -0.00904 0.00502
-0.01875 -0.00857 -0.03466 -0.00820 0.02778
0.00117 0.02734 -0.03498 -0.03863 0.01998
-0.02443 -0.20965 0.27824 0.04696 0.06637
-0.00161 0.01875 0.20424 0.21136 -0.21954
0.18807 0.05523 0.18085 0.09908 0.07454
-0.02882 0.06404 -0.03596 -0.01598 0.02067
-0.06202 -0.02923 -0.02068 -0.01542 0.08236
-0.07460 -0.04422 -0.09884 0.00177 0.07467
0 -0.00894 -0.01035 -0.03607 -0.02748
-0.00930 -0.02842 0.02670 0.07170 -0.03495
-0.01110 0.02535 -0.03784 -0.05064 0.02502
-0.01476 -0.00559 0.03749 -0.01911 0.00883
0.00778 0.00443 -0.04313 0.00145 -0.00341
0 0.08799 -0.00395 0.18274 0.04370
0.09134 0.11343 -0.11585 -0.21946 0.15998
0.06451 -0.02549 0.12589 0.22234 -0.16304
0.03973 0.08184 -0.19956 0.07105 0.03329
-0.06080 -0.09206 0.23174 0.02635 0.00940
    
-0.01289 -0.00049 -0.21862 0.07053 -0.06781
-0.00667 0.01072 0.05290 -0.00959 0.02797
0.17392 -0.32839 0.76968 -0.24593 -0.18051
0.00562 -0.00072 0.00068 0.01746 0.00035
-0.05625 0.02012 -0.02876 0.02913 0.00715
-0.00987 0.04421 -0.02142 0.00899 0.04177
-0.14988 -0.15637 -0.16050 0.13014 -0.19375
0.04393 -0.25686 0.25287 -0.00724 -0.26947
0.11218 0.01930 -0.00668 0.15265 0.11412
0.03549 0.04040 0.00560 -0.04425 0.08666
0.00416 -0.00147 0.11220 -0.06227 0.03642
-0.01783 0.00973 0.01951 -0.06794 -0.03356
0 0.02616 -0.02507 -0.00413 -0.01919
-0.05392 -0.03015 0.00617 -0.01004 -0.06317
-0.03594 0.00343 -0.06543 0.03507 -0.02088
0.06775 -0.03256 -0.01028 -0.01484 -0.02495
0.01668 0.00955 -0.00616 -0.02592 -0.02073
0 -0.07009 0.10323 -0.03691 0.10184
0.20496 0.15834 -0.02548 0.02072 0.28645
0.14794 -0.03545 0.25058 -0.10368 0.02611
-0.18893 0.13637 0.08468 0.00281 0.12363
-0.09376 -0.11696 -0.00542 0.09108 0.01094
    
0.12640 0.07440 0.26029 -0.06607 -0.04962
-0.04609 -0.02607 -0.06356 0.03251 0.02182
-0.08968 -0.05505 -0.95368 -0.22038 -0.03144
0.01281 -0.02143 0.01441 -0.00438 -0.00595
-0.01051 -0.01748 0.06143 0.03342 0.01559
0.00766 0.00062 0.01388 0.03526 0.03586
-0.03006 -0.33109 0.28818 0.22011 -0.49744
0.13805 0.05736 -0.34552 -0.09741 -0.19020
0.36365 -0.00986 -0.14058 -0.08244 0.37354
-0.00306 0.08808 -0.05540 -0.13408 0.13135
-0.07746 -0.02481 -0.16294 -0.02268 0.02244
-0.11900 -0.02361 -0.05249 -0.04167 -0.09314
0 -0.02582 0.06844 -0.01732 -0.00519
-0.01234 -0.07622 -0.00953 -0.01335 0.01743
0.00606 0.01563 0.03048 0.04931 -0.03726
0.00263 0.00561 -0.03162 0.00713 -0.06311
0.02158 -0.01016 -0.06096 -0.02088 0.09438
0 0.12913 -0.33295 0.08368 0.09266
0.08519 0.27796 -0.04453 -0.01342 0.09813
0.04930 0.06127 -0.03139 -0.20467 0.09021
-0.05886 -0.01427 -0.03532 0.04383 0.27948
-0.12311 -0.02691 0.25766 0.12861 -0.46200
    
-0.07491 0.17516 -0.00955 0.09395 0.05367
0.02433 -0.05202 0.01087 -0.03276 -0.02907
0.03881 -0.34868 -0.60536 -0.34907 -0.02070
0.01528 0.02214 0.04284 -0.01155 -0.00959
0.00690 -0.00787 0.04020 0.01291 -0.03034
0.02031 0.03417 0.01545 0.03431 0.01189
0.12549 -0.34306 0.52816 -0.00552 -0.45406
-0.18061 -0.10661 -0.37331 -0.16607 -0.10710
0.34255 0.08886 -0.24976 0.10842 0.21440
-0.09906 -0.03364 -0.10851 -0.03154 0.09049
0.03930 -0.06873 -0.01877 -0.04253 0.07336
-0.03838 -0.04884 0.07810 -0.01114 -0.06499
0 -0.07380 -0.00768 -0.01209 -0.02442
0.00446 0.02709 -0.01740 -0.00464 0.05167
-0.04136 0.02319 -0.00096 0.00144 -0.02972
-0.03429 -0.00406 -0.00696 -0.01573 0.00287
-0.00792 0.10249 -0.08565 0.00465 0.08613
0 0.36376 -0.02083 0.15298 0.11494
0.06031 -0.02770 -0.06586 0.08852 -0.06256
0.06736 0.18849 -0.04036 0.07136 0.22207
0.14571 -0.14942 -0.08694 -0.04233 0.01088
0.04323 -0.43533 0.41535 -0.07632 -0.42568
    
-0.00506 -0.10278 -0.02428 0.03192 -0.02877
-0.00091 0.02400 0.01082 -0.00768 0.01855
0.04915 0.28565 -0.15681 -0.14349 -0.21509
-0.01923 -0.00944 0.00964 0.00587 -0.02847
0.00421 -0.03195 -0.01882 0.02300 0.00137
-0.01540 -0.03553 0.00985 0.00719 0.02727
-0.11516 0.20243 0.00087 0.28688 -0.56596
-0.03307 0.18240 -0.11793 -0.01154 -0.36452
0.09168 -0.18819 0.05203 0.01246 0.17733
0.06037 -0.04835 0.02582 -0.08184 0.06721
0.01365 0.05251 -0.04238 -0.03587 0.04812
0.02058 0.05763 -0.03749 -0.03095 -0.00028
0 -0.02048 0.05516 -0.01343 0.00016
0.00676 -0.03590 0.02552 -0.02627 0.06325
-0.00894 0.00151 0.00525 -0.00326 -0.02303
0.00319 0.03250 0.01769 -0.01520 -0.01988
-0.00365 -0.04379 0.01750 -0.06751 0.09697
0 0.10576 -0.23295 0.08263 0.06127
0.02208 0.01610 -0.07583 0.03073 -0.03447
-0.00609 -0.08794 0.01765 0.04172 0.09033
-0.01517 -0.06856 -0.12167 -0.03791 0.13637
0.01922 0.23450 -0.05636 0.28602 -0.48062
    
0.01305 -0.03602 0.00594 -0.00064 0.01268
0.00144 -0.00465 -0.00482 -0.00449 -0.00246
0.00378 0.56051 0.11931 0.30552 0.22661
-0.02332 0.01037 -0.01564 -0.00978 0.02309
-0.00907 -0.05477 -0.00398 -0.01262 -0.01010
0.01360 -0.04358 -0.01467 -0.01584 0.00519
-0.54348 0.01010 -0.47830 0.20756 0.18223
-0.10973 0.36571 0.11284 0.14041 0.03515
0.09883 -0.25570 -0.10000 0.12211 0.29457
0.08819 -0.07591 0.12017 -0.10048 -0.02912
0.03404 0.06907 -0.00136 0.05816 0.07049
0.00194 0.11528 0.03920 0.00467 -0.05345
0 -0.03524 0.07059 0.01266 -0.01195
0.04643 -0.02334 0.01362 -0.00252 -0.01752
0.00503 0.04268 0.03415 -0.01183 -0.03915
0.00497 0.06236 0.03316 0.00672 -0.02781
0.10367 0.03709 0.09143 -0.03203 -0.02758
0 0.03290 -0.28597 -0.12399 0.08299
-0.02538 0.00474 -0.00163 -0.03418 0.07237
0.06017 -0.24608 -0.12866 0.02248 0.14946
0.00035 -0.09092 0.00599 -0.04305 0.00844
-0.47190 -0.07127 -0.36384 0.17823 0.05507
    
0.00545 -0.01820 -0.04769 -0.04595 -0.07226
0.01206 0.01234 0.01098 0.01319 0.04335
-0.31197 0.03410 0.16035 0.25207 -0.37499
-0.01795 0.02806 0.00294 -0.00360 -0.00319
0.04202 -0.01940 -0.04284 -0.03492 0.01089
-0.00930 0.00801 0.02397 -0.03133 0.00243
0.04116 0.08417 0.09440 -0.11131 -0.01396
-0.04784 -0.03872 0.06088 0.00505 -0.32744
-0.35947 0.12446 0.01827 0.06877 -0.10162
-0.02331 -0.09593 0.00945 0.06567 -0.02869
-0.05834 0.02983 0.06843 0.05807 -0.02946
0.03928 -0.05559 -0.03650 0.08541 0.00520
0 0.02742 -0.00807 0.00263 -0.00639
-0.01679 0.00623 0.00222 0.01626 0.02507
0.05332 -0.00862 0.00637 -0.00789 0.00041
0.02238 -0.01039 0.02489 0.01422 -0.01357
0.00448 -0.01562 -0.01661 0.00876 0.01351
0 -0.15935 0.11008 -0.04912 0.02525
0.01779 -0.01598 0.01252 -0.00383 -0.08505
-0.14099 -0.06713 -0.11541 0.02522 -0.04313
-0.04738 0.05225 -0.15050 0.01083 0.06575
0.06650 0.01949 0.02915 0.01861 -0.04426
    
0.00643 -0.07778 -0.03315 -0.16878 -0.00003
-0.00823 0.02860 0.01920 0.07452 -0.00327
0.23858 0.04559 -0.33137 0.27088 0.41665
0.00285 0.02515 -0.01778 -0.00220 0.00637
0.02009 -0.00325 0.02982 -0.02631 -0.03316
-0.03120 -0.02500 0.00985 0.01816 0.00934
0.13306 -0.03142 -0.19344 0.01656 -0.05516
0.09274 -0.07865 -0.16619 -0.16518 0.26886
0.08764 -0.14232 -0.27289 -0.01302 0.10527
-0.02415 -0.01982 0.05856 0.02338 -0.01408
0.00503 0.07686 -0.02820 0.19215 0.02581
0.14683 0.04746 0.05915 0.07590 0.12122
0 -0.00680 0.00158 0.00787 0.00325
-0.00263 -0.00572 0.00904 0.00464 0.01621
-0.04275 0.02427 0.05601 0.00916 -0.03486
-0.04577 0.00074 0.01297 -0.01977 0.00176
-0.02111 0.02564 0.02744 -0.01489 0.00421
0 0.06920 -0.00898 -0.07102 0.11723
0.02619 -0.06003 -0.02549 0.02074 -0.06578
0.14377 -0.23585 -0.19721 -0.36871 0.20146
0.17078 0.16073 0.03102 0.32958 -0.10877
0.08643 -0.06805 -0.10239 0.08331 -0.06760
    
0.01327 0.00812 -0.04334 -0.01423 -0.00459
-0.00521 0.00095 0.02273 0.01049 0.01438
-0.18938 0.06840 -0.17959 -0.05559 -0.41145
0.01405 -0.06275 0.03492 0.00808 0.00241
-0.06303 -0.04703 0.02281 0.09162 0.04509
0.03255 0.02773 0.00010 -0.05301 -0.02507
0.10654 -0.35337 0.00731 0.02279 -0.09375
-0.26738 0.00948 -0.20481 0.08042 -0.22772
0.22828 0.00543 0.01079 -0.32459 -0.05958
-0.02460 0.12790 -0.11148 0.06836 0.06478
0.02147 0.01479 0.04233 -0.00074 -0.04995
-0.14878 -0.02070 -0.07938 0.07173 -0.09544
0 -0.00961 0.00030 -0.01577 -0.00933
0.00367 0.04656 -0.01206 -0.00811 -0.01082
-0.02290 0.01670 -0.00557 0.01637 0.01757
-0.03469 0.02237 -0.02775 -0.00244 0.00117
-0.02078 0.00544 0.02288 0.03266 0.02559
0 0.05026 -0.06411 0.04729 -0.00607
0.08582 -0.05214 -0.00703 -0.08948 0.01569
0.03181 0.05926 -0.11434 -0.02081 0.01914
0.00992 0.02184 0.13828 0.02367 -0.01399
0.06356 -0.03296 -0.17147 -0.06640 -0.07324
    
0.02873 -0.01391 -0.00557 0.01364 -0.03312
-0.01376 0.00757 -0.00327 0.00111 0.01841
0.13296 -0.05312 0.00268 0.03312 0.06588
-0.04582 0.06437 0.03667 0.00822 0.08479
0.03580 -0.00974 -0.00050 0.07365 0.00693
0.00418 0.03681 0.01070 -0.03742 0.00292
-0.39916 0.11939 -0.23093 0.16951 0.30863
0.15050 -0.01077 -0.00916 0.19046 0.13935
0.00278 0.06356 -0.28073 -0.26216 -0.20630
0.08291 -0.14818 0.04377 -0.10167 0.12393
0.00185 0.02537 -0.01102 -0.12913 -0.02211
0.06480 -0.00199 0.07994 -0.00316 0.08446
0 -0.00298 0.03271 0.02496 -0.00207
-0.02072 0.00006 -0.00746 -0.03946 0.01515
0.01287 -0.01597 0.05856 0.01715 -0.01554
0.03817 0.00872 -0.01458 -0.01572 -0.01356
0.01546 0.03410 0.05764 0.00783 0.02038
0 -0.14367 -0.16841 -0.02470 -0.02969
0.19389 -0.06558 -0.12290 -0.02380 -0.24359
0.22455 0.19277 -0.39042 -0.11493 -0.03405
-0.13754 -0.14635 0.37383 0.16035 0.01031
-0.03724 -0.21419 -0.25693 -0.01252 -0.04487
    
-0.06137 0.07816 0.06747 0.10674 -0.12504
0.02708 -0.03495 -0.01757 -0.04907 0.03671
0.18668 0.49499 0.58721 0.44715 0.01925
-0.13906 -0.07202 0.09638 -0.00939 0.01819
0.00492 0.01752 0.03317 -0.00383 0.01390
0.05575 -0.02804 -0.05956 -0.00840 0.10092
-0.66075 -0.19241 0.42744 0.23689 0.09938
0.05269 0.35041 0.55375 0.27695 -0.23075
0.03415 -0.05743 -0.15306 0.16220 0.25406
0.11169 0.02704 -0.11289 0.00580 0.01813
0.03845 -0.00707 0.00647 0.03244 -0.01041
-0.02939 -0.01658 0.00448 0.02660 -0.10824
0 0.01620 -0.01478 0.04073 0.01151
0.02045 -0.02806 -0.02239 -0.03384 0.03861
0.02040 0.01732 -0.02684 0.01685 -0.01381
0.06574 0.02406 0.00034 0.00771 0.03751
-0.02017 -0.02276 0.03975 -0.02958 0.00557
0 -0.31733 0.05163 -0.22029 -0.12228
0.13514 0.14791 -0.20246 0.13490 -0.10665
-0.06093 0.02935 0.27930 0.01811 -0.17563
-0.15786 -0.03128 -0.09604 -0.20672 -0.24453
0.05846 0.10580 -0.20702 0.13972 -0.03011
    
0.03584 0.03365 0.00943 0.04164 -0.03949
0.00843 0.00114 0.01049 -0.00507 0.00290
0.19752 0.18665 -0.10426 -0.37917 0.44660
-0.06082 -0.04736 0.07424 0.00475 0.00647
0.00870 0.00394 -0.01117 -0.07730 0.01662
-0.08330 0.03039 0.00038 0.10702 -0.01112
-0.29946 -0.10594 0.30029 0.53195 -0.28650
0.28829 0.08700 0.01349 -0.38657 0.19404
-0.21967 -0.01491 0.04279 0.59805 -0.14633
0.09397 0.00722 -0.11954 -0.05162 0.02337
0.02761 0.01490 -0.01185 0.04082 0.02337
0.04374 0.01720 -0.00841 -0.09015 0.00170
0 -0.04023 0.03829 0.01765 -0.00046
-0.02110 -0.00434 -0.04891 0.07340 0.01641
0.00838 0.07762 -0.00602 0.02402 -0.03108
-0.00536 0.02871 -0.02902 -0.01831 0.01384
-0.00499 -0.01456 -0.01572 -0.02654 0.02656
0 0.06560 -0.46663 0.00351 -0.06249
0.00680 -0.04014 0.14984 -0.24554 -0.14701
0.07974 -0.42838 0.11864 -0.10326 0.11983
0.20031 -0.07954 0.11059 -0.18377 0.15986
0.05196 0.07241 0.15189 -0.25205 -0.04295
    
0.02515 -0.00014 -0.10109 0.02980 0.00431
-0.00789 -0.00418 0.02104 -0.00878 0.00512
0.47138 0.20340 0.87621 0.11138 -0.16100
0.01240 0.00697 0.00397 -0.09355 -0.02829
-0.04593 -0.02309 0.00601 0.00095 -0.04060
-0.00313 0.10509 0.00629 -0.00433 0.08625
0.05954 -0.27071 0.36561 0.05788 0.27603
0.31517 -0.13990 0.45632 0.11276 0.12677
0.07457 0.19134 -0.16851 0.00001 -0.10458
0.01410 0.04925 -0.04391 0.02820 -0.03312
0.04997 0.05024 0.01227 0.01449 -0.05294
-0.00541 -0.06916 -0.02265 0.01911 0.05309
0 0.02508 0.04219 0.01620 -0.03853
-0.01324 0.01715 0.01502 0.01909 0.05020
-0.01326 0.00207 -0.07131 0.03623 0.02701
0.00020 -0.02560 -0.00123 0.03530 -0.00329
-0.01695 -0.02272 -0.02517 -0.02700 -0.04043
0 -0.04059 -0.27184 0.10243 0.01080
0.03280 -0.05300 -0.03561 -0.04980 0.00149
0.06172 -0.12106 0.28426 -0.11616 -0.09981
-0.07286 0.08702 0.07343 -0.11017 -0.01008
0.14480 0.20864 0.03988 0.08850 -0.21114
    
0.01481 0.02018 0.05873 0.00421 0.05731
-0.01100 -0.02162 -0.03506 -0.01460 -0.02957
-0.24360 0.44170 0.42825 0.13639 0.17742
0.01197 0.00388 0.05459 0.01799 0.02595
0.00196 -0.03101 -0.01647 0.00158 -0.02436
0.00752 0.05367 0.03819 0.01884 0.04250
0.00272 0.07271 -0.07958 0.07240 0.06458
-0.10124 0.14153 0.07519 -0.05628 0.06502
0.10184 -0.12276 0.16123 -0.01904 0.14387
-0.01553 -0.00453 0.02679 0.00183 -0.02324
-0.01925 0.05436 0.08811 0.01155 0.03604
0.01161 0.00857 -0.04527 0.00057 -0.01305
0 -0.00763 0.02829 0.04331 0.01608
0.01141 0.04056 -0.01392 -0.00316 0.00546
-0.01745 -0.01859 -0.02033 -0.01435 -0.01159
-0.01442 0.01385 -0.02809 -0.01108 -0.02044
0.00601 -0.00978 0.01020 -0.00784 -0.01027
0 -0.04962 -0.05922 -0.05152 0.00651
0.07330 -0.10949 0.05494 0.02563 0.03780
0.19356 0.11331 0.04552 0.00167 0.06007
0.10638 -0.09143 -0.10001 0.00118 -0.14903
-0.14243 -0.09256 0.10573 0.06957 0.06555
    
-0.00512 -0.00641 -0.04558 -0.05529 -0.08316
-0.00269 -0.00448 0.01147 0.02455 0.04115
0.04755 -0.00837 0.18456 0.00635 0.00504
-0.00473 -0.03776 -0.02970 0.04528 -0.01686
0.01860 0.06085 0.03710 -0.01326 -0.01451
-0.05295 -0.05022 -0.04200 -0.09082 0.00545
0.12908 0.16595 0.43316 -0.08426 0.17239
-0.16419 -0.42995 -0.32100 0.31772 0.24004
0.16299 -0.04701 0.28675 0.34606 -0.12358
-0.04721 -0.03047 -0.06459 -0.00403 -0.07529
0.04092 0.04690 0.08203 -0.03870 -0.04358
-0.03378 0.00065 -0.06976 -0.06447 -0.01160
0 -0.05282 -0.09407 -0.05713 -0.01703
-0.04836 0.00457 -0.01362 -0.04820 0.00826
-0.02105 0.00678 -0.00812 -0.00655 0.02882
0.00507 0.04219 0.02702 -0.00837 0.00141
-0.01712 0.02190 0.00701 0.04234 -0.00926
0 0.13510 0.14427 0.09991 0.00283
0.17325 -0.16124 -0.09500 -0.02544 -0.07354
0.03823 -0.15487 -0.18769 0.01733 -0.25936
0.09691 0.08958 -0.08957 -0.08151 0.20537
0.09427 -0.22731 -0.18812 0.03181 -0.05546
    
-0.04264 -0.01476 0.01883 -0.01198 0.01024
0.02307 0.00814 -0.01675 0.00445 -0.02714
-0.25416 -0.09271 0.00940 -0.03398 0.21456
-0.02414 0.04204 -0.11431 -0.03556 -0.01053
0.00880 0.03422 -0.04919 0.02189 -0.02089
-0.00682 -0.00410 -0.02707 0.01219 -0.04072
-0.14893 0.03053 0.19506 0.11308 -0.22404
0.14090 -0.50165 0.13047 0.01128 0.60763
0.01707 0.16922 0.21730 -0.10129 0.27064
0.03674 0.05919 -0.03632 -0.06713 0.05237
-0.06711 0.07359 -0.01840 -0.00094 -0.08436
0.02334 -0.04644 -0.03764 0.02941 0.00365
0 0.00170 -0.00227 -0.03609 0.00021
0.00533 -0.07510 0.00374 0.00116 -0.01437
-0.03138 -0.00137 0.02409 0.00546 -0.01338
-0.03391 -0.02028 0.03103 0.00947 0.02911
-0.00737 0.02813 -0.09297 -0.02754 0.02223
0 -0.18698 -0.04316 -0.11684 -0.06146
0.12289 0.46224 0.14906 0.05127 -0.05607
0.23463 -0.29789 0.06468 0.04129 0.07342
0.42543 0.01779 0.05374 -0.01565 -0.22325
0.07290 -0.10367 0.31515 0.33838 -0.13135
    
-0.00016 -0.02288 0.01687 0.04941 -0.04172
-0.00285 0.01607 -0.00271 -0.00349 0.01080
-0.10567 -0.20159 0.00497 0.11744 0.03864
0.03425 -0.01479 0.02041 -0.02268 -0.02884
-0.00717 0.03092 0.01595 0.05341 0.00342
0.03053 -0.04437 -0.00515 -0.00174 -0.04789
-0.08567 0.01215 -0.13750 0.02468 -0.09901
-0.20706 -0.34199 0.04265 0.03186 0.24833
0.05716 -0.09147 -0.01753 -0.03906 0.06317
0.00080 0.01348 0.03745 -0.01018 0.01230
0.02941 0.02966 -0.01684 0.00992 -0.04376
-0.04157 0.02871 0.02801 0.02799 0.02634
0 0.01154 -0.04327 0.02594 -0.03477
0.01784 -0.02040 -0.01499 -0.00475 -0.00036
-0.01738 -0.01511 -0.00199 -0.02781 -0.01380
-0.03494 0.03368 -0.00280 0.05212 0.04578
-0.02048 0.00518 0.03841 -0.02902 -0.01845
0 0.12962 0.12549 -0.19894 0.28403
-0.08598 -0.06310 0.04287 -0.28088 -0.32534
0.08746 0.12982 0.00056 0.18251 0.13159
0.11576 -0.18786 0.04715 -0.26861 -0.27530
-0.01677 -0.03281 -0.04752 0.11790 0.08442
    
-0.02695 -0.03771 -0.04647 -0.01586 -0.03063
0.00079 0.00328 0.01331 0.00541 0.00895
0.11353 0.28309 -0.07631 -0.02039 -0.03175
-0.07720 0.06123 0.00614 -0.01338 0.00661
-0.00087 0.02672 0.02475 0.01139 0.02207
0.00363 -0.04175 -0.04118 -0.01762 -0.04559
0.12033 -0.04651 0.08249 0.02291 0.03013
0.14425 0.39066 -0.28983 -0.10318 -0.21025
0.26884 0.37036 0.10796 0.03046 0.14550
0.01356 -0.00379 -0.00187 0.00671 0.00182
0.00631 -0.00842 0.03947 0.02046 0.04163
-0.05023 -0.03362 -0.02127 -0.01413 -0.02595
0 -0.06422 -0.00305 -0.04364 -0.02857
0.05225 -0.06009 -0.02714 -0.01055 -0.03745
0.01501 0.00325 -0.00560 -0.00262 -0.01114
0.02022 -0.00640 0.00909 0.00681 0.01550
-0.05104 0.06657 0.04870 0.00400 0.04710
0 0.24173 0.03147 0.00241 0.04415
-0.27688 0.04411 0.15701 0.08352 0.20716
-0.00445 -0.22842 -0.04310 0.00299 0.00253
0.08998 -0.11885 0.07339 0.04765 -0.00695
-0.09227 -0.12034 -0.26628 -0.04500 -0.21521
    
0.00581 -0.00311 -0.01373 -0.08324 0.02927
-0.00346 0.00835 0.00496 0.01620 -0.01893
-0.02369 -0.07201 -0.12589 -0.01412 0.24946
-0.02885 -0.00521 -0.08301 0.03208 -0.02121
-0.02530 0.01851 -0.00857 -0.00538 -0.01213
0.01077 0.00765 0.01477 0.00973 0.01286
-0.06990 0.00184 0.08932 0.12423 0.27875
-0.04080 -0.07504 -0.18271 -0.04777 0.20147
-0.08276 -0.00821 -0.04400 -0.06082 0.08606
0.02261 -0.01302 -0.00242 -0.02369 -0.05921
0.00836 -0.00453 0.00935 0.01524 0.00769
-0.01202 -0.00052 -0.02146 -0.00051 0.02304
0 0.00851 -0.00695 -0.05096 -0.00381
0.00657 0.00800 0.01176 0.01730 0.01673
0.01152 0.00141 0.01307 0.01781 0.01388
-0.00045 0.00896 0.01040 -0.03535 0.04494
-0.03236 0.01070 -0.08510 0.03159 -0.00967
0 -0.08001 0.04283 0.19231 0.19141
0.07021 -0.02445 0.17664 -0.00007 0.12816
-0.00212 -0.02294 -0.04016 -0.23747 -0.10829
0.01221 0.06035 0.06223 -0.03520 -0.34217
0.08257 -0.09443 0.16700 -0.22984 -0.20486
    
0.00119 0.11895 0.04556 0.08016 -0.05041
-0.00771 -0.03134 -0.03154 -0.07706 0.01889
0.01634 0.62255 0.36805 0.41549 0.05968
0.05709 -0.01715 -0.01602 0.04260 0.05732
-0.01645 0.09350 -0.00781 -0.08947 0.02893
0.01372 0.03305 -0.00311 -0.04688 0.03567
-0.04464 -0.03351 0.08444 0.01339 0.01382
-0.15841 1.15842 0.43955 0.28789 0.07594
-0.02250 0.75337 0.28987 0.13644 0.13908
0.01718 0.01762 -0.03568 -0.00878 -0.00456
0.04872 -0.10272 -0.02771 0.01588 -0.00701
-0.01690 -0.08906 -0.01141 -0.01806 0.00043
0 0.02821 -0.00732 0.00364 0.02877
-0.00930 -0.00393 -0.04105 -0.01034 -0.01990
-0.00684 -0.08253 0.00519 -0.00865 0.03603
-0.03167 0.06243 0.03506 0.01320 0.01598
0.03162 0.00844 -0.01640 0.04799 0.03671
0 0.05292 -0.04352 0.02097 -0.19162
0.18204 0.06773 0.33773 0.04066 0.00419
-0.12836 0.18627 -0.03592 0.41316 -0.54912
-0.14571 0.00168 -0.26615 -0.65894 -0.14942
-0.12295 -0.03415 0.06921 -0.23292 -0.10909
    
0.00085 0.00898 0.02568 0.00422 -0.00100
0.05097 -0.00148 -0.03424 0.01452 0.01278
-0.05891 -0.09886 -0.10143 -0.05810 -0.27998
0.03927 -0.01399 0.00853 0.01104 0.03357
0.09679 -0.01704 -0.03086 0.03260 -0.02154
0.05807 -0.02781 -0.06758 -0.00379 -0.01817
-0.09533 0.10744 -0.06017 -0.05883 -0.00685
0.38499 -0.30023 -0.37657 0.04488 -0.38527
0.19544 -0.13379 -0.06234 -0.02011 -0.18384
-0.02105 -0.01395 0.01231 0.07059 0.01090
-0.13437 0.03244 0.08333 -0.04553 0.03618
-0.07547 0.00485 -0.00544 -0.01154 0.04983
0 0.02085 -0.01982 -0.07009 -0.04468
-0.02373 -0.02360 -0.03643 -0.00063 -0.04970
-0.04730 0.03117 0.00304 -0.01151 0.00732
0.00917 -0.01176 -0.03253 -0.00205 -0.02330
0.02323 -0.00959 0.01155 0.03214 -0.00009
0 0.06715 -0.06711 0.00034 0.13426
0.30213 0.02593 -0.00492 -0.20045 0.17401
-0.60790 0.23162 0.22898 -0.13613 -0.01859
0.22960 -0.09604 -0.25282 0.07754 -0.30149
-0.14337 0.03788 0.02178 -0.03435 -0.12501
    
0.00456 -0.00229 -0.01411 0.03548 0.00717
-0.02889 0.00687 0.05085 -0.00327 0.00701
0.23758 0.02529 -0.00175 0.05911 -0.09243
0.00708 -0.01750 -0.01164 -0.01799 -0.00489
-0.01731 0.02299 0.02232 -0.00927 0.01135
0.01392 -0.01654 -0.00990 -0.00575 -0.01760
0.03000 -0.03992 0.11522 0.05450 0.03923
0.17297 0.06773 0.16737 0.15101 -0.13070
0.23134 0.08104 0.15710 -0.08198 0.07696
0.00405 0.01436 -0.00855 -0.02918 -0.01412
0.02408 -0.00651 -0.02571 -0.02214 0.02235
-0.05157 -0.03554 -0.03125 0.00930 -0.01110
0 0.05004 -0.02406 0.01014 0.01515
0.00798 0.00068 -0.01893 -0.00152 -0.00224
-0.02430 -0.01805 -0.02080 0.01377 0.02339
-0.00648 0.01027 0.02534 0.02661 0.00095
-0.05291 -0.00835 -0.00672 0.02117 -0.00097
0 0.00350 0.04415 0.10902 -0.13772
0.10150 -0.10378 -0.06471 -0.01141 0.03906
0.06618 0.01353 -0.10230 0.00463 -0.06550
-0.01032 0.17360 0.10846 -0.00163 -0.00967
0.09409 -0.01317 0.09497 0.06421 -0.00808
    
0.00791 -0.00097 -0.00140 -0.01300 -0.01472
-0.00386 -0.01202 0.01628 -0.00739 0.00166
0.03601 0.01575 0.00875 -0.08713 0.03109
0.00947 -0.01723 0.02981 0.00164 -0.00294
0.01601 0.00913 -0.02665 -0.00617 -0.02512
-0.01940 -0.00527 0.02100 0.02145 0.02774
-0.06700 0.08612 -0.01277 0.06094 0.01597
0.00682 -0.01074 0.06778 -0.09438 -0.00992
0.08786 -0.01682 0.01401 -0.01851 0.00175
0.03304 -0.00470 -0.00465 -0.02334 0.00615
-0.00632 0.00250 -0.00765 -0.00892 0.00840
-0.01060 0.01741 -0.01849 0.01761 0.00298
0 -0.02626 0.00749 0.02537 0.01873
-0.01814 -0.00430 0.00894 -0.00064 0.03836
-0.00395 0.02797 -0.04241 -0.01302 0.00308
0.01732 0.01715 -0.01647 -0.02204 -0.01270
-0.00115 -0.00619 -0.01272 -0.01691 0.03460
0 0.06572 -0.07239 -0.05293 0.00074
0.01715 0.08952 0.06943 -0.01784 -0.03261
-0.06122 -0.03641 0.08131 0.06675 -0.03294
0.01001 -0.02501 0.00696 0.07083 -0.09719
-0.04819 0.03354 0.04008 0.07859 -0.03802
    
-0.02808 -0.02015 0.01742 -0.01635 -0.01398
0.00615 0.00164 -0.01049 -0.01042 0.00326
0.10450 0.10976 0.06296 0.01357 0.01174
-0.03331 0.01497 -0.00611 0.01295 0.00080
-0.02279 -0.00250 0.00507 -0.00732 0.00084
-0.01866 -0.00862 -0.00502 -0.02294 -0.00926
0.12243 -0.06589 -0.00897 -0.01068 0.00409
0.06685 0.07328 0.06373 -0.04912 -0.01966
0.00699 0.03768 0.03725 0.07419 0.01240
-0.04672 0.00885 -0.00786 -0.00980 -0.00754
0.00210 0.01130 -0.00510 0.02143 0.00940
0.02364 0.02426 -0.00225 -0.01825 0.00121
0 0.01731 0.01713 0.01582 -0.01922
-0.00481 -0.01123 0.00679 -0.03385 -0.01035
0.03363 -0.01666 0.01315 -0.03190 -0.00455
0.04510 -0.01673 0.01041 -0.02205 -0.00110
-0.07744 0.02831 0.01594 0.00486 -0.01412
0 -0.06927 0.00513 0.00255 -0.00714
0.10263 -0.07848 0.03571 0.02549 0.00949
0.12157 0.08230 -0.02721 0.17131 0.06268
-0.10580 -0.03983 -0.01570 -0.04136 0.00581
0.09186 -0.07907 -0.04187 -0.01406 -0.01283
    
-0.00842 -0.02517 0.01544 0.00104 0.01785
-0.00658 0.01371 -0.00546 -0.00254 -0.01351
0.03120 -0.07862 0.03459 -0.04132 0.03627
0.01012 0.01674 0.00614 -0.00562 0.01618
-0.01505 0.01001 -0.02747 0.03134 0.03997
-0.01144 -0.00005 0.00870 -0.00378 -0.00713
-0.02394 -0.01470 -0.04783 0.06294 0.01558
-0.00296 -0.09202 0.06846 -0.08040 0.03236
0.03960 -0.01528 0.02195 0.01123 0.03124
0.00023 0.00581 0.00938 -0.02304 -0.02192
0.01392 0.00714 -0.00708 0.00748 -0.00590
-0.00773 -0.00501 -0.00757 0.00243 0.01614
0 -0.01018 -0.01464 0.02981 -0.02546
-0.01233 -0.00888 0.01099 -0.02578 -0.03937
-0.02228 -0.00722 0.00282 -0.00332 -0.01006
-0.01397 -0.01091 -0.00212 0.00239 0.00184
-0.00301 0.01582 0.01433 -0.01205 0.01209
0 -0.03679 -0.00546 -0.06156 0.05739
-0.00243 -0.00737 0.05030 -0.02286 -0.01462
0.11919 0.01820 0.07738 -0.07438 -0.04427
-0.05549 -0.02558 -0.12021 0.09912 0.13563
-0.03682 -0.00195 -0.04887 0.02035 -0.07403
    
-0.01729 -0.01580 0.00078 -0.00880 0.02023
0.00574 0.00197 0.00521 0.00120 0.01198
-0.07631 0.02361 -0.07381 0.09205 0.12385
0.01596 0.00135 0.00083 -0.01334 -0.01180
-0.01418 -0.03743 0.01686 -0.01541 -0.00405
-0.01572 -0.03506 0.01931 -0.02373 0.02961
-0.04881 -0.00146 0.01203 0.05445 0.04359
-0.11395 0.03811 -0.08917 0.06772 0.19370
-0.03548 0.08136 0.02007 0.11192 -0.01245
0.00926 -0.00966 0.00965 0.00434 -0.03268
0.00811 -0.00477 -0.00254 0.02401 -0.01225
-0.00112 -0.01888 -0.02047 -0.01537 0.00723
0 -0.00075 -0.02180 -0.00536 -0.03469
-0.01677 -0.02884 -0.00435 0.00673 0.03654
0.00811 -0.00370 -0.01361 0.00220 0.00659
-0.01293 -0.00218 0.00058 0.00633 -0.00193
0.03613 0.01093 0.00284 -0.03942 -0.03623
0 0.00573 -0.00770 0.00989 -0.01906
0.06453 0.04998 0.12888 -0.08512 -0.10992
0.06713 0.13486 -0.16161 0.03918 0.00988
-0.13264 -0.12427 0.04610 -0.13925 0.17874
-0.06093 -0.02412 0.02313 0.02828 -0.01681
    
0.00217 0.02555 -0.03467 -0.01205 -0.03610
-0.00237 -0.01563 -0.00359 -0.01161 -0.00181
0.14263 0.03527 -0.11517 -0.14653 -0.07113
0.00499 -0.02392 0.00994 0.00011 -0.01320
0.00701 0.03306 -0.00166 0.08590 -0.03285
-0.01382 -0.01266 -0.01298 0.06676 -0.02542
0.06797 0.02794 0.07552 -0.01935 0.00864
0.14023 0.00907 -0.16150 -0.16642 -0.04336
0.13351 -0.00735 -0.02886 -0.09044 -0.09019
-0.00557 0.01447 -0.01635 0.00954 0.01051
0.00703 0.01246 0.00659 0.00531 -0.00948
-0.01343 -0.01994 0.00261 0.00852 0.01183
0 -0.02050 -0.03109 0.02157 0.02520
-0.03917 -0.01861 -0.00122 0.02156 0.01927
-0.02368 -0.03053 -0.00542 -0.02426 0.00740
0.00378 0.00045 -0.02822 0.01976 -0.00913
0.01997 -0.00963 0.01278 -0.00672 -0.00669
0 -0.02423 -0.09955 -0.01111 0.06860
0.08670 -0.04427 -0.04414 0.00152 -0.10982
-0.04003 -0.04904 0.16181 -0.24131 0.15235
-0.12224 0.07880 -0.01462 0.13247 -0.18452
0.00915 0.03945 0.06498 -0.00566 0.13750
    
0.01181 -0.00098 -0.00207 -0.02702 -0.01899
-0.01658 -0.01613 0.01440 0.02107 0.00773
-0.05439 -0.02277 0.01685 0.04273 -0.03893
-0.00523 -0.00996 -0.00592 0.01354 0.01207
0.02163 0.03546 -0.05174 -0.14189 0.01156
0.01709 0.00736 -0.03168 -0.04992 0.00647
-0.11245 0.03946 0.15203 -0.09990 0.18203
-0.13658 -0.12604 0.03534 0.10416 -0.03214
-0.02358 0.16995 0.07699 0.08839 0.01100
0.02411 -0.02052 -0.03013 0.02381 -0.04796
0.01404 0.01912 0.00861 -0.02368 -0.00002
-0.02394 -0.02067 -0.02327 -0.00010 0.01216
0 0.00980 -0.02519 -0.03356 -0.00285
-0.01852 -0.03137 0.01350 0.02376 0.00380
-0.01294 0.00971 0.03785 0.06383 0.01128
0.01003 0.04519 -0.00243 -0.05981 0.00310
-0.00524 -0.00485 -0.01485 0.00015 0.02704
0 -0.13290 0.30778 0.22529 0.13486
0.17639 0.34746 -0.17172 0.00393 -0.03922
0.08826 -0.06017 -0.04963 0.30915 -0.16064
0.00703 -0.15704 -0.24081 -0.20361 -0.17944
-0.19349 -0.23813 0.11350 -0.05619 0.24934
    
0.03075 -0.02229 -0.04443 0.08302 -0.01036
-0.03509 0.03613 0.04164 -0.04126 0.03205
-0.02247 0.04466 0.08830 0.22334 0.22296
-0.01188 0.00519 -0.00468 0.00005 -0.00388
0.08833 -0.07916 -0.11718 0.08247 -0.07817
0.02950 -0.01571 -0.04497 0.05821 -0.05614
0.06411 0.13204 -0.13555 0.10885 0.10379
0.00193 0.14296 0.10422 0.18597 0.24253
-0.16283 -0.00911 0.00332 0.07615 0.01098
-0.02625 -0.00468 0.01399 -0.03619 -0.04506
-0.01628 -0.02762 0.00008 0.00117 -0.00254
0.02999 0.01798 -0.00332 -0.01293 0.02486
0 0.01008 0.00414 -0.03176 0.02382
-0.00035 0.03159 -0.02185 -0.00234 -0.04469
-0.07304 0.04997 0.08685 -0.06184 0.04116
0.04009 -0.05857 -0.08207 0.10304 -0.07362
0.01635 -0.00766 -0.00690 0.00438 0.01195
0 -0.27293 0.04254 -0.25435 0.19371
-0.15755 -0.14060 0.10663 -0.12930 0.10575
-0.04217 -0.12695 -0.07094 -0.13231 -0.09100
0.00068 -0.07620 -0.03852 -0.21165 0.05800
0.30488 0.28444 -0.27187 -0.10690 0.19842
    
-0.01307 0.07625 -0.00706 0.00479 0.02488
-0.00534 -0.05515 0.00965 0.01526 -0.01326
-0.04660 0.31871 0.04999 -0.26424 0.09205
0.00148 -0.00752 0.00159 0.00197 0.01520
0.00002 0.07570 -0.00680 -0.02065 0.04252
-0.00337 0.03070 -0.01416 0.00084 0.02440
0.09575 -0.03406 0.17937 -0.17377 0.00994
-0.11113 0.22213 0.00995 -0.08181 -0.00169
0.07187 0.00521 0.12162 -0.04868 0.19274
0.01229 0.00205 -0.03203 0.03478 0.00752
0.02200 0.01898 0.01591 -0.05366 0.02876
-0.04955 0.02156 -0.03467 0.00929 -0.03377
0 0.01470 0.03515 0.01465 -0.02273
0.01866 0.01320 0.00593 -0.00523 -0.00251
0.00006 -0.08401 0.00970 0.04837 -0.05274
-0.00881 0.09156 -0.03785 -0.01515 0.04704
-0.02635 0.00819 -0.00427 -0.00936 0.00898
0 0.14473 -0.07278 0.34411 -0.19672
0.01858 -0.04466 0.07921 0.00432 0.21875
0.16251 0.26089 0.03438 -0.18910 -0.13112
-0.03464 -0.12891 0.05391 0.21910 -0.08336
-0.12584 0.10425 0.13320 -0.31370 -0.26345
    
-0.08147 -0.01214 0.00718 0.00487 0.04318
0.06866 0.00549 -0.03424 -0.01112 -0.00996
-0.19299 -0.00741 0.09322 0.05517 0.01834
0.00249 -0.02024 0.00161 -0.00675 -0.01385
-0.03538 0.01213 -0.00135 0.01627 0.00025
-0.03312 0.01219 0.00384 0.01483 0.00907
0.08617 -0.08832 0.04515 -0.02707 -0.08329
-0.09823 -0.00274 0.05016 0.04513 0.08082
-0.18645 -0.03310 0.06088 -0.06107 0.04677
-0.01749 0.01721 -0.01042 0.01005 0.02659
-0.02541 0.00231 0.01528 0.00770 -0.01542
0.03569 -0.00066 0.01391 0.01235 -0.01127
0 -0.05402 -0.01733 0.00017 0.01309
-0.01017 -0.00751 0.00842 -0.00848 0.01146
0.11203 0.00292 -0.02400 -0.04490 -0.02753
-0.07146 0.02849 0.03094 0.02830 0.00833
-0.00674 0.00167 -0.00042 0.00198 -0.01824
0 0.10955 0.01135 -0.01073 -0.26605
-0.32891 0.06062 -0.05605 -0.10576 0.00630
-0.41290 -0.10878 0.16551 0.01506 0.31923
0.24859 -0.02955 -0.32215 -0.11198 0.30952
-0.05986 -0.01271 0.05092 0.05585 0.09290
    
-0.02214 0.03158 -0.03028 0.02007 0.01603
0.06954 -0.02420 0.04523 -0.00595 -0.00435
-0.37455 0.07220 -0.15210 0.00611 0.02914
-0.00187 0.01170 0.00000 -0.00781 0.00486
0.00085 -0.01836 -0.01712 0.00780 -0.00093
-0.01313 -0.03522 -0.00286 0.00544 -0.00035
0.03654 0.10846 -0.01074 0.02003 -0.09758
-0.21897 0.08276 -0.08394 0.01278 0.01802
-0.01496 0.14189 -0.01718 0.08554 0.00035
-0.00918 -0.03589 0.00945 -0.02645 0.01708
-0.03851 -0.00186 -0.00304 -0.00585 0.02228
-0.05483 -0.04517 -0.00216 -0.01993 0.00676
0 -0.02382 -0.02468 -0.01244 0.00342
-0.00893 -0.02173 -0.01891 -0.04135 -0.01066
0.07420 -0.00330 0.06286 -0.00415 -0.03555
-0.09735 -0.01196 -0.07186 0.00169 -0.03325
-0.01242 0.01489 0.00651 0.02595 0.01003
0 0.34620 0.00580 -0.00913 -0.27300
-0.05990 0.02017 0.29806 0.73568 0.23101
-0.40150 -0.05560 -0.40612 -0.17512 0.65676
0.65095 -0.32390 0.34406 -0.09202 0.51706
0.15255 0.04234 0.15062 0.38791 0.44571
    
0.01542 0.02086 -0.01664 -0.00948 -0.01528
-0.02020 -0.00886 0.00779 -0.00781 -0.00531
0.07906 0.19552 -0.11976 0.19987 0.06089
0.00164 -0.00442 -0.00174 0.00112 -0.00683
-0.00837 0.00025 0.00075 -0.00659 -0.01355
0.00932 -0.00234 0.00342 0.00125 -0.01770
-0.03100 0.02609 0.03478 -0.01837 -0.14150
0.08718 0.17823 -0.07142 0.22724 0.08840
0.01652 -0.03139 0.02029 0.04696 0.00595
0.02200 -0.01170 0.00668 -0.00464 0.04398
-0.00618 -0.00916 -0.01117 -0.03960 -0.01865
-0.00104 0.01288 -0.02968 -0.03166 0.01406
0 0.03128 0.00629 -0.00604 0.02240
0.03500 0.00307 0.01780 0.00289 -0.01224
-0.02455 -0.01336 0.01723 -0.00875 0.02137
0.02025 0.01916 -0.01005 -0.01236 -0.01815
-0.01486 -0.00452 -0.01585 0.00137 0.00323
0 0.20622 -0.05275 0.02834 -0.03134
-0.38269 0.02854 -0.06509 -0.00612 0.04992
0.39737 0.03323 -0.02512 0.10801 0.05818
-0.00287 -0.01231 0.05696 0.08160 0.04042
0.03748 0.08364 -0.00457 0.02520 0.02029
    
0.01780 0.00339 -0.02994 0.04770 -0.03939
-0.01669 0.00093 0.02520 -0.01263 0.00693
0.13509 -0.02505 -0.17527 0.09466 0.09890
-0.00315 0.00234 -0.00135 -0.00464 -0.00061
-0.00419 0.00075 0.00441 0.00220 -0.00943
-0.01048 0.00200 0.01483 -0.00091 -0.00348
0.11577 -0.06721 -0.09272 -0.02937 0.03313
0.13634 -0.01539 -0.16820 0.07859 0.06162
-0.00315 -0.01222 -0.03806 0.04852 -0.00632
-0.02751 0.03322 0.00716 0.01120 -0.02661
-0.00992 -0.00672 -0.00027 0.01808 0.03559
0.00268 0.00804 -0.00183 -0.01928 0.01144
0 0.01618 -0.00261 -0.01717 0.00264
-0.00283 -0.00831 0.00413 0.00207 0.00622
-0.01205 0.00651 0.03405 -0.01831 0.02822
0.00403 -0.00113 -0.02757 0.03180 -0.03221
-0.00698 0.00773 0.00175 0.00223 -0.00669
0 -0.00101 -0.03422 0.05136 -0.00295
-0.09234 0.04175 0.12083 0.08847 0.02822
0.19606 -0.04606 -0.24672 0.11475 -0.07578
-0.03200 -0.00329 0.18922 -0.07762 0.09571
0.16233 0.01289 -0.13704 0.00297 0.08323
    
-0.00061 -0.00413 0.01864 0.00351 0.01080
0.00348 -0.00651 -0.00846 -0.00005 -0.02724
0.01185 -0.08960 0.03017 -0.03071 0.09533
0.00333 -0.00167 0.00439 0.00733 -0.00200
0.00165 -0.00088 0.00236 0.00250 -0.00765
-0.00060 0.00415 -0.01171 0.00364 -0.02221
-0.00821 0.01048 -0.03358 -0.06379 0.16415
0.02321 -0.07191 0.04690 -0.03544 0.16459
-0.06282 -0.00352 0.01535 -0.01501 0.02584
0.01333 -0.00253 0.00906 0.02737 -0.03227
-0.00164 -0.01474 -0.00348 -0.00477 -0.03061
0.02768 -0.00084 -0.01264 0.00163 -0.01320
0 -0.00021 -0.00288 -0.00540 0.00327
-0.00357 -0.00793 -0.01212 -0.00674 -0.02010
0.00833 -0.00542 -0.01168 -0.00215 0.00218
0.00115 0.01335 0.01506 -0.01399 0.01833
0.00498 0.00019 0.01173 0.01361 -0.00490
0 0.01678 -0.09884 -0.02545 0.03663
-0.15010 0.04364 0.00710 -0.03389 0.06617
-0.07413 -0.04057 0.08858 0.00914 0.13390
0.00215 -0.20670 -0.08551 0.08608 -0.10366
-0.12744 -0.06939 0.03090 -0.03304 0.18511
    
-0.01800 0.02313 0.00592 -0.00502 -0.04936
0.00337 0.00105 0.01437 0.01247 -0.00769
-0.11504 0.07268 -0.08056 -0.08313 -0.04504
-0.00491 -0.01138 0.00850 0.00741 -0.01815
0.00175 0.00785 0.00202 0.00429 -0.00961
-0.00774 -0.00294 0.00342 -0.00187 -0.01718
0.02259 -0.07205 0.08511 0.12291 -0.04283
-0.08558 0.01239 -0.11958 -0.06678 -0.04791
0.01379 -0.05176 -0.02982 -0.09072 0.01954
0.00440 0.02826 0.00768 -0.05789 -0.00558
0.00077 0.00180 0.00885 -0.00777 0.00220
0.00583 -0.00236 -0.01066 0.00352 -0.03845
0 -0.00589 -0.00319 0.00915 0.00901
-0.01628 0.00034 0.00399 -0.01581 -0.00853
0.00053 -0.01332 -0.00323 0.00188 0.03084
-0.02356 0.00986 -0.00875 -0.01067 -0.01725
0.00485 0.00246 -0.00556 0.00774 -0.00650
0 0.10519 0.03624 0.03958 -0.06234
-0.01990 -0.07045 -0.02996 0.06636 0.01791
0.15722 0.14451 -0.05302 -0.07359 0.24562
0.11548 0.07183 -0.00898 -0.00826 0.12397
0.10406 -0.00362 0.01773 0.11390 0.08686
    
-0.02984 -0.09670 -0.03500 -0.06006 -0.08639
0.01855 0.00067 0.00500 0.02295 0.00718
-0.12697 0.04199 0.01234 0.02448 0.03912
0.01661 0.00247 -0.01119 -0.01125 -0.00338
0.01687 0.00780 0.00121 0.01988 0.00855
-0.00499 -0.01546 -0.01041 0.00663 -0.00834
0.13610 -0.09693 -0.08891 0.06580 0.08043
-0.15035 -0.02608 -0.02304 -0.02217 0.03732
-0.06987 -0.05119 0.01030 -0.14640 -0.06265
-0.03441 0.01053 0.00848 -0.01341 -0.01511
0.00810 0.00232 0.00747 0.00045 -0.01769
-0.01161 0.01764 0.00186 0.04047 0.02163
0 -0.01359 -0.01785 -0.01284 0.00480
0.02549 0.01056 -0.00329 -0.00310 -0.02718
0.02148 0.03988 0.01215 0.01651 0.01274
-0.00911 -0.02786 -0.00675 -0.02062 -0.02638
-0.01443 0.01193 0.00787 -0.01158 -0.00102
0 0.00559 0.09969 0.09813 0.00254
-0.16257 -0.23174 -0.05002 -0.00531 0.18631
-0.13049 0.11575 0.13984 -0.13334 -0.04447
0.03157 0.11029 0.12235 0.07643 -0.00266
-0.14504 -0.24922 -0.08489 0.06639 0.21153
    
-0.01414 -0.00683 -0.03357 0.00585 0.02031
0.00736 -0.00914 -0.00719 0.00231 -0.00665
-0.07448 0.00246 -0.02630 -0.01963 -0.05032
0.01036 0.01417 -0.00376 -0.02516 0.00269
0.00197 -0.01265 -0.01500 -0.00047 -0.01393
-0.00525 0.00107 0.01109 0.00306 -0.00683
0.04477 0.04206 0.06052 0.00554 0.01651
-0.12751 0.02119 -0.04551 -0.04166 -0.08852
-0.04891 0.03360 -0.00719 0.06915 -0.03526
-0.02960 -0.03714 -0.00230 -0.00382 -0.00126
0.02516 -0.00387 0.01747 0.00629 0.04741
0.02226 -0.00003 -0.00296 -0.01588 0.00740
0 0.01142 -0.00130 0.00506 -0.01174
0.01750 0.01369 -0.00118 0.01930 -0.01435
-0.00418 -0.00175 0.02687 -0.00335 0.00064
-0.01888 0.00794 -0.02951 0.00746 0.01088
-0.00422 -0.00129 -0.01463 -0.02222 0.00188
0 -0.04243 0.05416 -0.03686 0.06407
0.04672 -0.08884 0.11940 0.11579 -0.03007
0.06388 0.12568 -0.12555 0.12762 0.12299
0.07488 0.00069 -0.00750 0.11149 -0.09727
0.01262 0.01717 0.10553 0.12744 0.03723
    
-0.02441 -0.02007 0.01712 -0.06932 0.00005
0.00668 0.00388 -0.00047 -0.00050 -0.01263
0.01418 0.00525 0.01519 0.05337 0.01026
-0.00778 0.02286 0.02413 -0.00364 0.01093
0.01026 0.01023 0.00321 0.00458 -0.01555
-0.00212 -0.00342 -0.00773 0.01147 0.00862
0.01540 -0.05001 0.00757 0.05272 -0.01813
-0.08385 -0.01858 0.04404 0.05961 0.01057
-0.02041 -0.01173 -0.06032 0.01442 -0.02436
-0.01851 0.03189 -0.01633 0.00117 0.00662
0.05525 0.00766 -0.00832 -0.02416 0.00331
0.01415 0.00082 0.01128 -0.01490 0.01968
0 -0.00907 0.00403 0.01265 0.01091
-0.00547 0.00314 -0.02001 0.00511 -0.00343
0.01478 0.00020 -0.00816 0.01281 0.02358
-0.01080 -0.00187 0.00367 -0.02776 -0.02263
-0.00101 0.01139 0.02461 -0.00973 0.00179
0 0.02389 -0.02520 -0.07008 -0.00427
0.01452 0.02736 -0.10145 0.04019 0.00618
-0.00355 -0.04631 -0.07233 -0.21845 -0.04529
0.00397 -0.00384 -0.11350 0.07772 -0.08291
0.01908 -0.11645 -0.13269 0.04809 -0.04201
    
0.01153 0.01122 0.01033 0.08817 0.02405
-0.01030 -0.00118 0.00058 -0.00713 -0.01172
0.00410 -0.00164 0.01568 -0.05450 0.02010
0.00037 -0.00585 -0.00020 -0.00187 0.00363
-0.00777 -0.00604 0.00118 -0.02052 -0.01244
0.00247 0.00754 -0.00216 0.00230 0.00680
0.05683 -0.01146 -0.00094 -0.01731 -0.06172
0.00674 -0.00664 0.00718 -0.03440 0.01297
0.01496 0.01368 -0.00130 -0.01706 0.02042
-0.03279 0.00192 0.00046 0.00289 0.01346
0.00101 0.00098 0.00781 -0.00598 0.00080
0.00102 -0.00658 0.00115 0.02736 -0.01556
0 0.00146 0.00264 -0.00603 0.00841
0.00525 0.01093 -0.00171 0.01077 0.00076
0.00776 -0.00095 -0.00203 -0.01041 -0.00091
-0.00762 0.00542 0.00550 0.00525 0.00282
-0.00441 -0.01191 0.00062 -0.01096 0.01209
0 -0.06973 -0.01517 -0.02013 -0.04738
0.13218 -0.00533 0.00669 0.03982 0.04242
0.02061 0.00107 0.02150 0.14908 -0.01106
-0.02745 -0.00708 -0.04107 -0.04897 -0.08090
0.06158 -0.00642 -0.00451 0.03974 -0.01453
    
-0.00332 -0.02742 0.01132 -0.03613 -0.02109
-0.00959 0.00144 -0.00753 0.00152 -0.00581
0.11622 0.04953 -0.10537 0.19245 0.18796
-0.00530 -0.00862 0.00911 0.00981 0.00295
0.00360 -0.00138 -0.00462 0.00423 0.00183
-0.01054 0.01611 -0.00279 0.01418 0.00858
0.00694 0.05805 0.02035 -0.04040 0.10100
0.11787 0.02393 -0.07445 0.06392 0.09182
-0.02541 -0.01348 -0.00538 0.08443 0.05817
0.00688 -0.00578 0.01169 -0.00039 0.00315
-0.00192 -0.00010 -0.01367 0.02156 0.01567
-0.00304 -0.00714 -0.01733 -0.02028 -0.03443
0 0.00216 0.00093 -0.00747 0.01299
-0.00551 0.00187 0.00467 -0.00066 0.00747
0.00444 0.00481 0.00133 -0.01024 -0.00656
0.00263 0.01269 -0.00294 0.00564 0.00499
-0.00459 -0.00386 -0.00145 0.00455 -0.01366
0 0.00167 -0.01952 -0.00845 -0.06024
0.02374 -0.02952 -0.02384 0.03546 0.03748
0.00933 -0.02223 0.03235 -0.11472 0.04755
0.01776 0.02903 -0.00205 0.00063 0.09420
0.04249 0.09658 -0.01767 -0.05056 0.16477
    
-0.04143 0.00898 0.09727 0.08358 0.01518
0.00708 0.00616 0.00786 -0.00289 -0.00607
0.20175 -0.07783 -0.35565 -0.14391 0.09547
-0.00202 0.02407 0.00400 0.01117 -0.00378
0.00919 -0.00164 -0.02933 -0.00773 0.00399
0.00560 -0.00493 0.01689 -0.02024 -0.01295
0.00643 0.18359 0.02321 0.03099 -0.03899
0.09988 -0.04931 -0.28892 -0.03708 0.10535
0.05482 0.00269 0.06858 -0.10576 -0.07195
-0.00650 -0.01041 0.01158 -0.01044 0.00224
0.01669 0.00517 0.00018 0.00246 0.01048
0.00294 -0.02059 -0.01199 0.01767 0.01766
0 0.00610 -0.00472 -0.00647 -0.00116
0.00402 0.01442 -0.01055 0.00607 0.00061
-0.00773 0.00477 -0.00938 -0.00444 -0.00468
0.00287 0.00556 0.01362 0.01152 -0.00003
-0.00026 -0.01543 0.00440 -0.00194 -0.00437
0 0.01036 -0.00725 0.04981 -0.08020
-0.00013 0.03505 -0.01781 0.03065 0.02374
-0.02052 0.06979 0.12198 0.02014 -0.01395
0.05389 -0.00081 -0.04186 -0.08340 -0.00558
-0.00099 0.10741 0.03645 0.00167 0.02556
    
0.07504 0.01362 -0.00528 -0.01034 0.01889
-0.00091 0.00230 -0.01037 -0.00314 0.00248
-0.25578 0.01986 0.00473 -0.01500 -0.08291
-0.00099 0.03028 -0.00207 0.00332 -0.03679
-0.01976 0.00494 -0.01172 0.00102 -0.01287
-0.01010 -0.01122 0.00491 0.00185 0.01855
-0.01783 0.18596 -0.02034 -0.06772 -0.20397
-0.11390 0.01352 -0.01107 -0.02028 -0.06690
-0.03693 -0.02100 0.00292 0.02176 0.03864
0.01031 -0.03956 -0.00693 0.03426 0.01504
-0.00164 0.00713 0.00438 -0.00334 -0.00318
-0.01108 -0.00543 0.01573 -0.00552 -0.00435
0 -0.00079 0.00350 0.00731 0.00800
0.00123 0.00238 0.00551 -0.00676 -0.01339
-0.00578 -0.00799 0.00461 -0.00427 -0.00277
-0.00247 -0.00271 -0.00379 -0.01290 -0.00076
0.00095 -0.00017 -0.00307 0.01259 0.01986
0 -0.03040 -0.02281 -0.03837 -0.02610
-0.03355 0.01310 0.00137 0.05059 -0.06021
0.04689 0.01850 0.09518 -0.01448 -0.04048
-0.10844 0.01611 -0.04387 -0.01007 -0.01138
-0.00120 0.00669 0.00779 -0.03925 -0.09562
    
0.17773 -0.00717 0.00118 0.04329 0.00082
0.00351 0.01255 0.00326 0.01176 0.00086
-0.58882 -0.11679 0.00600 -0.08779 -0.01176
0.01967 0.00071 -0.00712 -0.00070 0.00049
-0.04022 0.00646 0.00121 0.00242 0.00060
0.00905 -0.00274 -0.00099 -0.00007 0.00150
0.06937 0.02818 0.07292 -0.00163 -0.02972
-0.34932 -0.07848 0.02446 -0.07370 -0.01605
0.00425 0.01268 -0.03856 -0.03586 0.00627
-0.00714 -0.00274 -0.00376 -0.00022 0.01032
-0.05347 -0.01106 -0.00339 -0.00241 0.00158
-0.02651 -0.00443 0.00388 -0.00047 -0.00383
0 -0.01713 0.00078 0.00243 -0.00587
-0.00049 -0.00339 0.00323 -0.00628 -0.00573
0.00526 -0.00553 0.00000 -0.00523 -0.00816
-0.00077 0.00527 0.00626 0.00680 -0.01120
0.00118 -0.00153 -0.00029 0.00353 0.01073
0 0.00279 0.05286 -0.05326 0.02964
-0.00553 -0.00525 -0.01439 0.00625 -0.02675
0.15536 -0.01247 -0.00005 -0.04327 -0.01005
-0.06564 0.00104 0.00941 0.05809 0.01072
-0.00292 0.02349 0.06151 -0.00485 -0.05141
    
-0.06099 -0.00810 5.64176  
-0.01159 -0.00092 1.61095  
0.19264 0.01106 -2.61018  
-0.00225 -0.00884 0.00612  
0.00853 -0.00130 -0.19700  
-0.00258 0.00424 -0.10420  
-0.01466 -0.11267 -0.02211  
0.11803 -0.01285 -0.14493  
-0.02172 0.02970 -0.16149  
0.00006 0.02458 -0.03325  
0.01111 0.00412 -0.33037  
0.01372 0.00056 -0.05275  
0 0.00219 0.00095 0.01476 
0.00313 -0.00578 -0.00246  
0.00103 -0.00209 -0.03801  
-0.00257 -0.00356 0.03707  
-0.00072 0.00416 0.00819  
0 -0.02558 0.02215 -0.11743 
-0.00899 -0.01777 0.10476  
-0.02817 0.00401 0.19062  
0.00220 0.01898 -0.35231  
-0.00790 -0.06086 -0.05310  
